0.676182 92
0.676182 91
0.676182 90
0.676046 90
0.675902 90
0.675804 90
0.675648 90
0.675578 89
0.675437 89
0.675437 88
0.67533 88
0.675192 88
0.675192 87
0.675192 86
0.67505 86
0.674901 86
0.674777 86
0.674777 85
0.674669 85
0.674521 85
0.674521 84
0.674521 83
0.674377 83
0.674241 83
0.674241 82
0.674241 81
0.674241 80
0.674241 79
0.674241 78
0.674241 77
0.674102 77
0.673938 77
0.673938 76
0.673938 75
0.673783 75
0.673632 75
0.673632 74
0.673632 73
0.67349 73
0.673352 73
0.673243 73
0.673243 72
0.673243 71
0.673098 71
0.672986 71
0.672837 71
0.672687 71
0.672541 71
0.672429 71
0.672349 70
0.672349 69
0.672195 69
0.672052 69
0.671969 68
0.671969 67
0.671849 67
0.671721 67
0.671572 67
0.671572 66
0.671413 66
0.671413 65
0.671264 65
0.671264 64
0.671264 63
0.671264 62
0.671115 62
0.670961 62
0.670961 61
0.67082 61
0.67082 60
0.670718 60
0.670602 60
0.670602 59
0.670443 59
0.670443 58
0.670443 57
0.670331 57
0.670204 57
0.670069 57
0.669921 57
0.669801 57
0.669681 57
0.669681 56
0.669533 56
0.669533 55
0.669533 54
0.669397 54
0.669268 54
0.66912 54
0.668981 54
0.668855 54
0.668721 54
0.668567 54
0.668567 53
0.668426 53
0.668275 53
0.668185 52
0.668057 52
0.66793 52
0.667821 52
0.667702 52
0.667609 51
0.66746 51
0.667356 51
0.667356 50
0.667356 49
0.667356 48
0.66722 48
0.667072 48
0.666918 48
0.666775 48
0.666775 47
0.666775 46
0.666623 46
0.666465 46
0.666317 46
0.666172 46
0.666031 46
0.665894 46
0.66576 46
0.66576 45
0.665625 45
0.665625 44
0.66549 44
0.665337 44
0.665219 44
0.665066 44
0.664932 44
0.664785 44
0.664641 44
0.664641 43
0.664641 42
0.664527 42
0.664527 41
0.664378 41
0.664263 41
0.664263 40
0.664142 40
0.664028 40
0.663903 40
0.663753 40
0.66361 40
0.663521 39
0.66337 39
0.663277 38
0.663126 38
0.663031 37
0.662922 37
0.662786 37
0.662659 37
0.662523 37
0.662367 37
0.662223 37
0.662223 36
0.662071 36
0.661949 36
0.661949 35
0.66182 35
0.66182 34
0.66166 34
0.661525 34
0.661386 34
0.661254 34
0.661109 34
0.661109 33
0.660965 33
0.660808 33
0.660699 33
0.660578 33
0.660578 32
0.660432 32
0.660432 31
0.660302 31
0.660167 31
0.660025 31
0.65988 31
0.659727 31
0.659727 30
0.659594 30
0.659446 30
0.659302 30
0.659166 30
0.659054 30
0.658932 30
0.658827 30
0.658693 30
0.658599 29
0.658468 29
0.658328 29
0.658185 29
0.658057 29
0.657954 29
0.657851 29
0.657695 29
0.657695 28
0.657591 28
0.657441 28
0.657293 28
0.657293 27
0.657164 27
0.657034 27
0.657034 26
0.656921 26
0.656796 26
0.656706 25
0.656706 24
0.656585 24
0.65644 24
0.656316 24
0.656159 24
0.656021 24
0.655896 24
0.655778 24
0.655638 24
0.655497 24
0.655331 24
0.65519 24
0.655087 24
0.655087 23
0.655087 22
0.654955 22
0.654842 22
0.654717 22
0.654717 21
0.654572 21
0.654409 21
0.654306 21
0.654171 21
0.654023 21
0.65391 21
0.653756 21
0.653605 21
0.653466 21
0.653339 21
0.653188 21
0.653037 21
0.652895 21
0.652785 21
0.652641 21
0.652532 21
0.652402 21
0.652268 21
0.65214 21
0.651987 21
0.651987 20
0.651836 20
0.651702 20
0.651702 19
0.651545 19
0.651414 19
0.651267 19
0.651136 19
0.651004 19
0.650863 19
0.650738 19
0.650623 19
0.650484 19
0.650338 19
0.65019 19
0.650083 19
0.649944 19
0.649944 18
0.649828 18
0.649828 17
0.649699 17
0.64957 17
0.649413 17
0.649287 17
0.64918 17
0.649048 17
0.648911 17
0.648779 17
0.648633 17
0.648485 17
0.648353 17
0.648216 17
0.648089 17
0.647985 17
0.647898 16
0.647753 16
0.647603 16
0.647465 16
0.647299 16
0.647194 16
0.64703 16
0.646885 16
0.64676 16
0.64676 15
0.646648 15
0.6465 15
0.646344 15
0.646211 15
0.646091 15
0.645938 15
0.645938 14
0.645821 14
0.645694 14
0.645545 14
0.645438 14
0.645322 14
0.645213 14
0.64505 14
0.644948 14
0.644831 14
0.644676 14
0.644543 14
0.644411 14
0.644284 14
0.644135 14
0.644001 14
0.643863 14
0.643723 14
0.643586 14
0.64349 13
0.643347 13
0.643215 13
0.643081 13
0.642792 13
0.642661 13
0.642509 13
0.642361 13
0.642211 13
0.642056 13
0.641917 13
0.641768 13
0.641616 13
0.641459 13
0.641315 13
0.64118 13
0.641024 13
0.640876 13
0.640752 13
0.640609 13
0.640464 13
0.640304 13
0.640171 13
0.640028 13
0.639888 13
0.639746 13
0.639584 13
0.639459 13
0.63931 13
0.639173 13
0.639036 13
0.638887 13
0.638783 13
0.638632 13
0.638497 13
0.638345 13
0.638237 13
0.638087 13
0.638001 12
0.63786 12
0.637724 12
0.6376 12
0.637465 12
0.637299 12
0.637167 12
0.63702 12
0.636913 12
0.636778 12
0.63664 12
0.636491 12
0.636367 12
0.636222 12
0.636066 12
0.635915 12
0.63578 12
0.635629 12
0.635501 12
0.635347 12
0.635176 12
0.635062 12
0.634936 12
0.634788 12
0.634675 12
0.634516 12
0.634377 12
0.634226 12
0.634149 11
0.634012 11
0.633909 11
0.633783 11
0.633643 11
0.633485 11
0.63334 11
0.633193 11
0.633032 11
0.632908 11
0.632754 11
0.632605 11
0.632469 11
0.632336 11
0.632185 11
0.632185 10
0.632034 10
0.631886 10
0.631751 10
0.631628 10
0.631502 10
0.631502 9
0.631215 9
0.631064 9
0.630906 9
0.630765 9
0.630609 9
0.63046 9
0.630349 9
0.63019 9
0.630039 9
0.629882 9
0.629882 8
0.629736 8
0.62958 8
0.62942 8
0.629301 8
0.629171 8
0.629018 8
0.628895 8
0.628668 8
0.628535 8
0.628393 8
0.62826 8
0.627964 8
0.627838 8
0.627724 8
0.627583 8
0.627432 8
0.62729 8
0.62729 7
0.627156 7
0.627036 7
0.626893 7
0.626752 7
0.626593 7
0.626452 7
0.626331 7
0.626092 7
0.62595 7
0.625803 7
0.625655 7
0.625524 7
0.625372 7
0.625223 7
0.625081 7
0.624938 7
0.624802 7
0.624654 7
0.624508 7
0.624211 7
0.624091 7
0.623995 7
0.623901 6
0.623757 6
0.62364 6
0.623489 6
0.623345 6
0.623211 6
0.623074 6
0.622934 6
0.622773 6
0.622648 6
0.622508 6
0.62235 6
0.622211 6
0.622074 6
0.621925 6
0.621792 6
0.621651 6
0.621528 6
0.621369 6
0.621228 6
0.621087 6
0.62093 6
0.620791 6
0.620656 6
0.62053 6
0.620375 6
0.620207 6
0.620043 6
0.619897 6
0.619643 6
0.619503 6
0.61936 6
0.619233 6
0.619103 6
0.618988 6
0.618838 6
0.618707 6
0.61859 6
0.618481 6
0.618385 5
0.61827 5
0.618134 5
0.618 5
0.617844 5
0.617461 5
0.617315 5
0.617161 5
0.617011 5
0.616863 5
0.616717 5
0.616565 5
0.616413 5
0.616264 5
0.616107 5
0.615956 5
0.615816 5
0.615665 5
0.615526 5
0.615243 5
0.615097 5
0.614956 5
0.614648 5
0.614519 5
0.614388 5
0.614231 5
0.614099 5
0.613958 5
0.613693 5
0.61355 5
0.613383 5
0.613069 5
0.612789 5
0.61251 5
0.612383 5
0.612131 5
0.611971 5
0.61169 5
0.611549 5
0.611391 5
0.611258 5
0.611128 5
0.610972 5
0.610805 5
0.610671 5
0.610527 5
0.610261 5
0.609956 5
0.609653 5
0.60952 5
0.609215 5
0.609062 5
0.608783 5
0.608648 5
0.608509 5
0.608364 5
0.608215 5
0.607933 5
0.607684 5
0.607397 5
0.607089 5
0.606948 5
0.606787 5
0.606628 5
0.606491 5
0.606195 5
0.606034 5
0.605906 5
0.605601 4
0.605448 4
0.605172 4
0.605031 4
0.60459 4
0.60444 4
0.604 4
0.603721 4
0.603573 4
0.603305 4
0.602651 4
0.602356 4
0.602234 4
0.602092 4
0.601969 4
0.601815 4
0.601559 4
0.601284 4
0.60116 4
0.600588 4
0.600318 4
0.599746 4
0.599332 4
0.598896 4
0.598783 4
0.598347 4
0.5982 4
0.597463 4
0.596773 4
0.5963 4
0.595894 4
0.595634 4
0.594934 4
0.594635 4
0.593775 4
0.592887 4
0.591851 4
0.590705 4
0.589971 4
0.589411 4
0.589127 4
0.588535 4
0.586788 4
0.586207 4
0.584371 4
0.583083 4
0.581488 3
0.578929 3
0.576051 2
0.571949 2
0.56687 1
0.553184 0
0 0
