0.899826 92 0.401795
0.899826 91 0.404565
0.899826 90 0.417628
0.899633 90 0.42319
0.899439 90 0.425856
0.899246 90 0.43047
0.899052 90 0.432393
0.899052 89 0.437446
0.898859 89 0.440872
0.898859 88 0.445785
0.898666 88 0.4477
0.898472 88 0.449757
0.898472 87 0.45011
0.898472 86 0.451506
0.898279 86 0.453482
0.898085 86 0.456756
0.897892 86 0.456816
0.897892 85 0.460386
0.897699 85 0.465726
0.897505 85 0.465727
0.897505 84 0.467166
0.897505 83 0.472095
0.897312 83 0.474802
0.897119 83 0.476687
0.897119 82 0.483977
0.897119 81 0.491345
0.897119 80 0.496676
0.897119 79 0.499567
0.897119 78 0.515037
0.897119 77 0.515218
0.896925 77 0.516696
0.896732 77 0.529875
0.896732 76 0.530046
0.896732 75 0.532881
0.896538 75 0.536425
0.896345 75 0.537684
0.896345 74 0.543812
0.896345 73 0.553715
0.896152 73 0.554771
0.895958 73 0.574327
0.895765 73 0.575517
0.895765 72 0.577892
0.895765 71 0.587155
0.895571 71 0.588998
0.895378 71 0.590948
0.895185 71 0.595932
0.894991 71 0.599213
0.894798 71 0.606409
0.894605 71 0.614499
0.894605 70 0.615577
0.894605 69 0.621694
0.894411 69 0.624507
0.894218 69 0.625942
0.894218 68 0.631131
0.894218 67 0.631188
0.894024 67 0.634305
0.893831 67 0.635456
0.893638 67 0.638276
0.893638 66 0.64195
0.893444 66 0.647262
0.893444 65 0.649026
0.893251 65 0.649468
0.893251 64 0.662545
0.893251 63 0.670465
0.893251 62 0.683026
0.893057 62 0.694329
0.892864 62 0.695998
0.892864 61 0.699016
0.892671 61 0.700514
0.892671 60 0.702871
0.892477 60 0.707044
0.892284 60 0.708141
0.892284 59 0.712681
0.892091 59 0.713089
0.892091 58 0.714699
0.892091 57 0.717984
0.891897 57 0.72129
0.891704 57 0.726549
0.89151 57 0.726581
0.891317 57 0.736884
0.891124 57 0.738779
0.89093 57 0.74892
0.89093 56 0.750596
0.890737 56 0.752311
0.890737 55 0.776905
0.890737 54 0.777038
0.890543 54 0.777101
0.89035 54 0.778085
0.890157 54 0.794289
0.889963 54 0.794807
0.88977 54 0.806004
0.889576 54 0.808058
0.889383 54 0.808709
0.889383 53 0.810834
0.88919 53 0.812703
0.888996 53 0.818107
0.888996 52 0.818563
0.888803 52 0.818797
0.88861 52 0.823294
0.888416 52 0.825987
0.888223 52 0.826215
0.888223 51 0.827769
0.888029 51 0.83738
0.887836 51 0.839381
0.887836 50 0.844271
0.887836 49 0.847432
0.887836 48 0.847765
0.887643 48 0.847787
0.887449 48 0.848076
0.887256 48 0.851247
0.887062 48 0.851306
0.887062 47 0.851733
0.887062 46 0.857284
0.886869 46 0.858438
0.886676 46 0.861059
0.886482 46 0.861262
0.886289 46 0.861957
0.886096 46 0.862002
0.885902 46 0.863309
0.885709 46 0.865268
0.885709 45 0.867699
0.885515 45 0.874463
0.885515 44 0.881043
0.885322 44 0.882409
0.885129 44 0.883907
0.884935 44 0.884601
0.884742 44 0.888514
0.884548 44 0.892157
0.884355 44 0.892473
0.884162 44 0.893964
0.884162 43 0.89708
0.884162 42 0.897186
0.883968 42 0.898833
0.883968 41 0.90297
0.883775 41 0.904186
0.883582 41 0.906397
0.883582 40 0.906888
0.883388 40 0.907208
0.883195 40 0.907646
0.883001 40 0.909238
0.882808 40 0.909539
0.882615 40 0.909905
0.882615 39 0.910787
0.882421 39 0.912848
0.882421 38 0.913511
0.882228 38 0.913983
0.882228 37 0.916001
0.882034 37 0.919792
0.881841 37 0.920171
0.881648 37 0.922553
0.881454 37 0.922643
0.881261 37 0.924063
0.881067 37 0.924236
0.881067 36 0.924721
0.880874 36 0.927329
0.880681 36 0.9274
0.880681 35 0.928013
0.880487 35 0.930106
0.880487 34 0.931555
0.880294 34 0.934466
0.880101 34 0.934906
0.879907 34 0.935612
0.879714 34 0.936906
0.87952 34 0.938268
0.87952 33 0.941418
0.879327 33 0.941714
0.879134 33 0.941966
0.87894 33 0.943186
0.878747 33 0.944113
0.878747 32 0.944779
0.878553 32 0.946729
0.878553 31 0.947968
0.87836 31 0.950068
0.878167 31 0.950505
0.877973 31 0.950959
0.87778 31 0.952439
0.877587 31 0.952773
0.877587 30 0.953265
0.877393 30 0.953763
0.8772 30 0.953822
0.877006 30 0.954812
0.876813 30 0.955641
0.87662 30 0.956322
0.876426 30 0.956407
0.876233 30 0.957401
0.876039 30 0.957434
0.876039 29 0.958011
0.875846 29 0.958619
0.875653 29 0.96021
0.875459 29 0.960697
0.875266 29 0.961299
0.875073 29 0.962489
0.874879 29 0.963042
0.874686 29 0.963103
0.874686 28 0.963409
0.874492 28 0.9652
0.874299 28 0.966421
0.874106 28 0.966617
0.874106 27 0.966751
0.873912 27 0.9669
0.873719 27 0.967096
0.873719 26 0.967983
0.873525 26 0.969631
0.873332 26 0.969711
0.873332 25 0.969969
0.873332 24 0.9707
0.873139 24 0.971209
0.872945 24 0.972291
0.872752 24 0.974181
0.872558 24 0.974189
0.872365 24 0.974983
0.872172 24 0.975258
0.871978 24 0.975271
0.871785 24 0.975697
0.871592 24 0.976028
0.871398 24 0.976061
0.871205 24 0.976554
0.871011 24 0.976686
0.871011 23 0.976951
0.871011 22 0.977239
0.870818 22 0.977418
0.870625 22 0.978214
0.870431 22 0.979006
0.870431 21 0.979125
0.870238 21 0.979285
0.870044 21 0.979556
0.869851 21 0.97963
0.869658 21 0.980046
0.869464 21 0.980439
0.869271 21 0.981032
0.869078 21 0.98108
0.868884 21 0.982212
0.868691 21 0.982966
0.868497 21 0.983405
0.868304 21 0.983571
0.868111 21 0.984092
0.867917 21 0.984173
0.867724 21 0.98435
0.86753 21 0.985036
0.867337 21 0.98522
0.867144 21 0.985393
0.86695 21 0.985561
0.866757 21 0.985576
0.866564 21 0.985751
0.866564 20 0.985916
0.86637 20 0.986522
0.866177 20 0.986788
0.866177 19 0.987311
0.865983 19 0.987649
0.86579 19 0.987733
0.865597 19 0.988521
0.865403 19 0.988579
0.86521 19 0.988775
0.865016 19 0.988908
0.864823 19 0.989103
0.86463 19 0.989151
0.864436 19 0.989331
0.864243 19 0.989871
0.86405 19 0.989963
0.863856 19 0.990249
0.863663 19 0.990408
0.863663 18 0.990803
0.863469 18 0.990842
0.863469 17 0.991126
0.863276 17 0.99124
0.863083 17 0.991339
0.862889 17 0.991348
0.862696 17 0.991501
0.862502 17 0.991528
0.862309 17 0.991587
0.862116 17 0.991769
0.861922 17 0.991847
0.861729 17 0.991996
0.861535 17 0.992166
0.861342 17 0.992204
0.861149 17 0.992607
0.860955 17 0.992675
0.860762 17 0.992958
0.860762 16 0.992995
0.860569 16 0.993269
0.860375 16 0.993374
0.860182 16 0.993943
0.859988 16 0.994101
0.859795 16 0.994117
0.859602 16 0.99433
0.859408 16 0.994331
0.859215 16 0.994457
0.859215 15 0.994545
0.859021 15 0.994769
0.858828 15 0.994819
0.858635 15 0.994834
0.858441 15 0.994897
0.858248 15 0.994919
0.858055 15 0.995057
0.858055 14 0.995094
0.857861 14 0.99524
0.857668 14 0.995248
0.857474 14 0.995357
0.857281 14 0.995474
0.857088 14 0.995578
0.856894 14 0.995648
0.856701 14 0.99568
0.856507 14 0.995687
0.856314 14 0.995715
0.856121 14 0.995915
0.855927 14 0.995963
0.855734 14 0.996036
0.855541 14 0.996048
0.855347 14 0.996096
0.855154 14 0.996098
0.85496 14 0.996168
0.854767 14 0.99618
0.854574 14 0.996259
0.854574 13 0.996342
0.85438 13 0.996462
0.854187 13 0.996499
0.853993 13 0.99652
0.853607 13 0.996608
0.853413 13 0.996623
0.85322 13 0.996634
0.853026 13 0.996681
0.852833 13 0.996693
0.85264 13 0.996716
0.852446 13 0.996801
0.852253 13 0.99682
0.85206 13 0.99689
0.851866 13 0.996894
0.851673 13 0.996921
0.851479 13 0.996935
0.851286 13 0.996952
0.851093 13 0.997023
0.850899 13 0.997052
0.850706 13 0.997298
0.850512 13 0.997338
0.850319 13 0.997374
0.850126 13 0.997384
0.849932 13 0.997411
0.849739 13 0.997421
0.849546 13 0.997461
0.849352 13 0.997622
0.849159 13 0.997642
0.848965 13 0.997677
0.848772 13 0.997787
0.848579 13 0.997795
0.848385 13 0.997869
0.848192 13 0.997882
0.847998 13 0.997929
0.847805 13 0.997948
0.847612 13 0.997987
0.847418 13 0.99803
0.847225 13 0.998092
0.847225 12 0.99811
0.847032 12 0.99816
0.846838 12 0.998181
0.846645 12 0.998216
0.846451 12 0.998233
0.846258 12 0.998237
0.846065 12 0.998238
0.845871 12 0.998242
0.845678 12 0.998247
0.845484 12 0.998259
0.845291 12 0.998337
0.845098 12 0.998353
0.844904 12 0.998374
0.844711 12 0.99848
0.844518 12 0.998552
0.844324 12 0.998555
0.844131 12 0.998559
0.843937 12 0.998568
0.843744 12 0.998598
0.843551 12 0.998618
0.843357 12 0.998647
0.843164 12 0.998684
0.84297 12 0.998689
0.842777 12 0.998696
0.842584 12 0.998713
0.84239 12 0.998779
0.842197 12 0.998781
0.842003 12 0.998784
0.842003 11 0.998848
0.84181 11 0.998851
0.841617 11 0.99886
0.841423 11 0.998947
0.84123 11 0.998951
0.841037 11 0.998954
0.840843 11 0.998958
0.84065 11 0.998974
0.840456 11 0.998987
0.840263 11 0.998996
0.84007 11 0.999028
0.839876 11 0.999032
0.839683 11 0.999037
0.839489 11 0.999044
0.839296 11 0.999065
0.839296 10 0.999103
0.839103 10 0.999104
0.838909 10 0.99911
0.838716 10 0.999132
0.838523 10 0.999152
0.838329 10 0.999174
0.838329 9 0.999192
0.837942 9 0.999207
0.837749 9 0.999242
0.837556 9 0.999246
0.837362 9 0.999249
0.837169 9 0.999251
0.836975 9 0.999259
0.836782 9 0.99927
0.836589 9 0.999275
0.836395 9 0.999285
0.836202 9 0.999288
0.836202 8 0.999292
0.836009 8 0.999298
0.835815 8 0.9993
0.835622 8 0.999301
0.835428 8 0.999326
0.835235 8 0.999333
0.835042 8 0.999337
0.834848 8 0.999339
0.834461 8 0.999341
0.834268 8 0.999357
0.834075 8 0.999365
0.833881 8 0.999368
0.833494 8 0.999374
0.833301 8 0.999376
0.833108 8 0.999378
0.832914 8 0.9994
0.832721 8 0.99943
0.832528 8 0.999431
0.832528 7 0.999435
0.832334 7 0.999441
0.832141 7 0.999443
0.831947 7 0.999447
0.831754 7 0.999465
0.831561 7 0.999469
0.831367 7 0.999474
0.831174 7 0.999484
0.830787 7 0.999495
0.830594 7 0.999502
0.8304 7 0.999507
0.830207 7 0.999517
0.830014 7 0.999521
0.82982 7 0.999522
0.829627 7 0.999532
0.829433 7 0.999546
0.82924 7 0.999554
0.829047 7 0.999569
0.828853 7 0.999575
0.82866 7 0.999576
0.828273 7 0.999579
0.82808 7 0.999588
0.827886 7 0.999611
0.827886 6 0.999616
0.827693 6 0.999622
0.8275 6 0.999631
0.827306 6 0.999639
0.827113 6 0.999641
0.826919 6 0.999645
0.826726 6 0.999656
0.826533 6 0.999661
0.826339 6 0.999662
0.826146 6 0.99967
0.825952 6 0.999686
0.825759 6 0.999689
0.825566 6 0.999694
0.825372 6 0.999698
0.825179 6 0.999701
0.824985 6 0.999702
0.824792 6 0.999703
0.824599 6 0.999706
0.824405 6 0.999707
0.824212 6 0.999711
0.824019 6 0.999715
0.823825 6 0.999716
0.823632 6 0.999719
0.823438 6 0.99973
0.823245 6 0.999736
0.823052 6 0.999737
0.822858 6 0.999738
0.822665 6 0.999742
0.822471 6 0.999744
0.822085 6 0.999747
0.821891 6 0.999752
0.821698 6 0.999757
0.821505 6 0.999759
0.821311 6 0.999766
0.821118 6 0.999767
0.820924 6 0.999769
0.820731 6 0.999773
0.820538 6 0.999775
0.820344 6 0.999784
0.820344 5 0.999785
0.820151 5 0.999794
0.819957 5 0.999797
0.819764 5 0.9998
0.819571 5 0.99981
0.818991 5 0.999811
0.818797 5 0.999818
0.818604 5 0.999823
0.81841 5 0.999824
0.818217 5 0.999831
0.818024 5 0.99984
0.81783 5 0.999841
0.817637 5 0.999842
0.817443 5 0.999843
0.81725 5 0.999844
0.817057 5 0.999849
0.816863 5 0.99985
0.81667 5 0.999851
0.816477 5 0.999853
0.81609 5 0.999854
0.815896 5 0.999855
0.815703 5 0.999859
0.815316 5 0.999861
0.815123 5 0.999863
0.814929 5 0.999868
0.814736 5 0.999869
0.814543 5 0.999872
0.814349 5 0.999873
0.813962 5 0.999874
0.813769 5 0.999877
0.813576 5 0.999879
0.813189 5 0.99988
0.812802 5 0.999881
0.812415 5 0.999882
0.812222 5 0.999883
0.811835 5 0.999884
0.811642 5 0.999886
0.811255 5 0.999887
0.811062 5 0.999888
0.810868 5 0.999889
0.810675 5 0.99989
0.810482 5 0.999891
0.810288 5 0.999896
0.810095 5 0.999897
0.809901 5 0.999899
0.809708 5 0.9999
0.809321 5 0.999902
0.808934 5 0.999905
0.808548 5 0.999908
0.808354 5 0.999909
0.807968 5 0.99991
0.807774 5 0.999911
0.807387 5 0.999913
0.807194 5 0.999917
0.807001 5 0.99992
0.806807 5 0.999922
0.806614 5 0.999923
0.806227 5 0.999925
0.80584 5 0.999926
0.805453 5 0.999927
0.805067 5 0.999928
0.804873 5 0.999931
0.80468 5 0.999932
0.804487 5 0.999934
0.804293 5 0.999935
0.803906 5 0.99994
0.803713 5 0.999941
0.80352 5 0.999942
0.803133 4 0.999943
0.802939 4 0.999944
0.802553 4 0.999945
0.802359 4 0.999946
0.801779 4 0.999947
0.801586 4 0.999948
0.801006 4 0.999949
0.800619 4 0.99995
0.800425 4 0.999951
0.800039 4 0.999953
0.799072 4 0.999955
0.798685 4 0.999956
0.798492 4 0.999957
0.798298 4 0.999959
0.798105 4 0.99996
0.797911 4 0.999963
0.797525 4 0.999964
0.797138 4 0.999966
0.796944 4 0.999967
0.796171 4 0.999968
0.795784 4 0.999969
0.795011 4 0.99997
0.79443 4 0.999971
0.79385 4 0.999972
0.793657 4 0.999973
0.793077 4 0.999974
0.792883 4 0.999975
0.791916 4 0.999976
0.79095 4 0.999977
0.790369 4 0.999978
0.789789 4 0.999979
0.789402 4 0.99998
0.788436 4 0.999981
0.788049 4 0.999982
0.786888 4 0.999983
0.785728 4 0.999984
0.784374 4 0.999985
0.782827 4 0.999986
0.78186 4 0.999987
0.781087 4 0.999988
0.7807 4 0.999989
0.779927 4 0.99999
0.777606 4 0.999991
0.776832 4 0.999992
0.774318 4 0.999993
0.772578 4 0.999994
0.770451 3 0.999995
0.76697 3 0.999996
0.763102 2 0.999997
0.757494 2 0.999998
0.750725 1 0.999999
0.732354 0 1
0 0 1.79769e+308
