0.674485 249
0.674485 248
0.674407 247
0.674407 246
0.674407 245
0.674407 244
0.674407 243
0.67429 243
0.67429 242
0.67429 241
0.67429 240
0.67429 239
0.67429 238
0.674168 238
0.674168 237
0.674168 236
0.674048 236
0.674048 235
0.674048 234
0.674048 233
0.674048 232
0.674048 231
0.674048 230
0.673904 230
0.673904 229
0.673904 228
0.673904 227
0.673904 226
0.673904 225
0.673773 225
0.673649 225
0.673649 224
0.673538 224
0.673538 223
0.673538 222
0.673538 221
0.673538 220
0.673493 219
0.673471 218
0.673471 217
0.673471 216
0.673471 215
0.673471 214
0.673471 213
0.673471 212
0.673471 211
0.673471 210
0.673471 209
0.673471 208
0.673471 207
0.67333 207
0.67333 206
0.67333 205
0.67333 204
0.67333 203
0.67318 203
0.673043 203
0.672935 203
0.672935 202
0.672861 201
0.672861 200
0.672861 199
0.672861 198
0.672777 197
0.672777 196
0.672777 195
0.672777 194
0.672777 193
0.672777 192
0.672777 191
0.672777 190
0.672777 189
0.672777 188
0.672632 188
0.672632 187
0.672632 186
0.672632 185
0.672463 185
0.672463 184
0.672309 184
0.672309 183
0.672167 183
0.672167 182
0.672048 182
0.671909 182
0.671872 181
0.671739 181
0.671589 181
0.671589 180
0.671477 180
0.671416 179
0.671416 178
0.671416 177
0.671324 176
0.671324 175
0.671324 174
0.671324 173
0.671183 173
0.671183 172
0.671183 171
0.671067 171
0.671067 170
0.671067 169
0.671067 168
0.671067 167
0.671067 166
0.671067 165
0.670953 165
0.670953 164
0.670953 163
0.670953 162
0.670799 162
0.670692 162
0.670692 161
0.670692 160
0.670692 159
0.670692 158
0.670592 158
0.670592 157
0.670414 157
0.670414 156
0.670312 156
0.670195 156
0.670062 156
0.670062 155
0.669919 155
0.669919 154
0.669919 153
0.669778 153
0.669647 153
0.669494 153
0.669494 152
0.669357 152
0.669222 152
0.669222 151
0.669222 150
0.669222 149
0.669107 149
0.6691 148
0.6691 147
0.6691 146
0.669011 145
0.669011 144
0.669009 143
0.668901 143
0.668901 142
0.668901 141
0.668901 140
0.668901 139
0.668901 138
0.668901 137
0.668743 137
0.668611 137
0.668611 136
0.668611 135
0.668476 135
0.668476 134
0.668476 133
0.668476 132
0.668476 131
0.668476 130
0.668476 129
0.668317 129
0.668317 128
0.668197 128
0.668063 128
0.667946 128
0.667817 128
0.667817 127
0.667684 127
0.66757 127
0.66757 126
0.66757 125
0.66757 124
0.667461 124
0.667461 123
0.667461 122
0.667461 121
0.667461 120
0.667313 120
0.66716 120
0.667058 120
0.666932 120
0.666787 120
0.666643 120
0.666502 120
0.666502 119
0.666502 118
0.666502 117
0.666502 116
0.66645 115
0.6663 115
0.666172 115
0.666039 115
0.666039 114
0.666039 113
0.665904 113
0.665904 112
0.665904 111
0.665773 111
0.665773 110
0.665773 109
0.66563 109
0.66563 108
0.66563 107
0.66563 106
0.66563 105
0.665497 105
0.665354 105
0.665226 105
0.665107 105
0.664975 105
0.664839 105
0.6647 105
0.6647 104
0.66455 104
0.66455 103
0.664401 103
0.664272 103
0.664272 102
0.664167 102
0.664055 102
0.664055 101
0.664055 100
0.663908 100
0.663908 99
0.663802 99
0.663661 99
0.663661 98
0.663661 97
0.663661 96
0.663539 96
0.663441 96
0.663441 95
0.663441 94
0.663296 94
0.66315 94
0.662999 94
0.662854 94
0.662854 93
0.662854 92
0.662724 92
0.662601 92
0.662456 92
0.662311 92
0.66217 92
0.66203 92
0.661885 92
0.661885 91
0.6618 90
0.661651 90
0.661651 89
0.661509 89
0.661381 89
0.66124 89
0.66124 88
0.661111 88
0.660961 88
0.660841 88
0.660699 88
0.660699 87
0.660699 86
0.660574 86
0.660426 86
0.660426 85
0.660327 85
0.660257 84
0.660159 84
0.660009 84
0.659891 84
0.659763 84
0.659654 84
0.659654 83
0.659557 83
0.659557 82
0.659401 82
0.659277 82
0.659277 81
0.659151 81
0.658996 81
0.658846 81
0.658696 81
0.658547 81
0.658423 81
0.658288 81
0.658288 80
0.658287 79
0.658287 78
0.658144 78
0.658008 78
0.657893 78
0.657763 78
0.657763 77
0.657763 76
0.657763 75
0.657647 75
0.657647 74
0.657511 74
0.657355 74
0.657209 74
0.657092 74
0.657043 73
0.656899 73
0.656781 73
0.656658 73
0.656531 73
0.656398 73
0.65626 73
0.65626 72
0.65626 71
0.656117 71
0.656117 70
0.655959 70
0.65582 70
0.655682 70
0.655682 69
0.655543 69
0.655417 69
0.655289 69
0.655289 68
0.655289 67
0.655289 66
0.655136 66
0.654998 66
0.654998 65
0.654855 65
0.654727 65
0.654586 65
0.65444 65
0.65444 64
0.654288 64
0.654288 63
0.654147 63
0.654014 63
0.653859 63
0.653706 63
0.65358 63
0.653446 63
0.653328 63
0.653193 63
0.653082 63
0.652942 63
0.652787 63
0.652643 63
0.65251 63
0.652391 63
0.652391 62
0.652246 62
0.652121 62
0.651973 62
0.651973 61
0.651817 61
0.65171 61
0.651565 61
0.651469 60
0.651381 59
0.651232 59
0.651083 59
0.65094 59
0.65094 58
0.650802 58
0.650655 58
0.650496 58
0.650345 58
0.65023 58
0.650106 58
0.649977 58
0.649837 58
0.649697 58
0.649558 58
0.649558 57
0.649439 57
0.649301 57
0.649146 57
0.649026 57
0.648909 57
0.648834 56
0.648834 55
0.648681 55
0.648548 55
0.648548 54
0.648418 54
0.64827 54
0.64813 54
0.647974 54
0.647851 54
0.647691 54
0.647556 54
0.647394 54
0.647394 53
0.647248 53
0.647248 52
0.647248 51
0.647127 51
0.646982 51
0.646841 51
0.646706 51
0.646706 50
0.646567 50
0.646567 49
0.646417 49
0.646417 48
0.646417 47
0.646273 47
0.64614 47
0.646057 46
0.645928 46
0.645795 46
0.645655 46
0.645498 46
0.645378 46
0.645378 45
0.645236 45
0.645104 45
0.645104 44
0.645068 43
0.645068 42
0.644923 42
0.644814 42
0.644715 42
0.644548 42
0.644425 42
0.644285 42
0.644174 42
0.644045 42
0.643928 42
0.64378 42
0.643621 42
0.643487 42
0.643356 42
0.643356 41
0.643221 41
0.643083 41
0.642953 41
0.642808 41
0.642808 40
0.642671 40
0.642526 40
0.642392 40
0.642241 40
0.642241 39
0.642114 39
0.64196 39
0.641825 39
0.641681 39
0.641517 39
0.641384 39
0.641238 39
0.641114 39
0.64099 39
0.64099 38
0.640856 38
0.640714 38
0.640573 38
0.640426 38
0.640295 38
0.640156 38
0.640022 38
0.639879 38
0.639879 37
0.639725 37
0.639591 37
0.639443 37
0.639327 37
0.639184 37
0.63911 36
0.638957 36
0.638812 36
0.6387 36
0.638549 36
0.638405 36
0.638274 36
0.638115 36
0.637984 36
0.637844 36
0.637844 35
0.637686 35
0.637549 35
0.637425 35
0.637275 35
0.637145 35
0.637002 35
0.636852 35
0.636719 35
0.636719 34
0.636585 34
0.636476 34
0.636319 34
0.63619 34
0.636046 34
0.63589 34
0.635756 34
0.635617 34
0.63547 34
0.635333 34
0.635189 34
0.63508 34
0.634929 34
0.63477 34
0.63477 33
0.63477 32
0.634656 32
0.634514 32
0.634377 32
0.634228 32
0.634086 32
0.63394 32
0.63381 32
0.633681 32
0.633537 32
0.633394 32
0.633291 32
0.633152 32
0.633007 32
0.632853 32
0.632703 32
0.632556 32
0.632427 32
0.632282 32
0.632125 32
0.632006 32
0.63186 32
0.631713 32
0.631554 32
0.63141 32
0.63126 32
0.631125 32
0.630995 32
0.630842 32
0.630842 31
0.630713 31
0.630574 31
0.63048 30
0.630331 30
0.630177 30
0.630026 30
0.629868 30
0.629738 30
0.629615 30
0.629471 30
0.629326 30
0.629186 30
0.629054 30
0.628936 30
0.628799 30
0.628641 30
0.628516 30
0.62838 30
0.628262 30
0.628145 30
0.628145 29
0.627994 29
0.627867 29
0.627744 29
0.627605 29
0.62746 29
0.627324 29
0.627174 29
0.62702 29
0.626878 29
0.626734 29
0.626588 29
0.626445 29
0.626281 29
0.62616 29
0.626032 29
0.625915 29
0.625783 29
0.625626 29
0.625532 28
0.625387 28
0.625273 28
0.62513 28
0.625012 28
0.624858 28
0.62471 28
0.62457 28
0.624435 28
0.624288 28
0.624147 28
0.62398 28
0.623839 28
0.623743 27
0.623633 27
0.623525 27
0.623525 26
0.623525 25
0.623385 25
0.623235 25
0.62308 25
0.622945 25
0.622796 25
0.62267 25
0.62252 25
0.622374 25
0.622252 25
0.622115 25
0.621973 25
0.621973 24
0.621813 24
0.621665 24
0.621515 24
0.621359 24
0.621224 24
0.621079 24
0.620937 24
0.62082 24
0.620673 24
0.620515 24
0.620375 24
0.620249 24
0.620093 24
0.619945 24
0.61981 24
0.619681 24
0.619539 24
0.619397 24
0.619265 24
0.619125 24
0.619007 24
0.618893 24
0.618757 24
0.618612 24
0.618452 24
0.618347 24
0.618205 24
0.61805 24
0.617905 24
0.617762 24
0.617611 24
0.617485 24
0.617335 24
0.617221 24
0.617096 24
0.616944 24
0.616791 24
0.616668 24
0.616521 24
0.616386 24
0.616243 24
0.616101 24
0.615973 24
0.615843 24
0.615697 24
0.615543 24
0.615401 24
0.615248 24
0.615094 24
0.614954 24
0.61467 24
0.61456 24
0.61441 24
0.614277 24
0.61413 24
0.613998 24
0.613848 24
0.613732 24
0.613584 24
0.613436 24
0.613287 24
0.613152 24
0.613016 24
0.612877 24
0.612744 24
0.612598 24
0.612481 24
0.612328 24
0.612195 24
0.612195 23
0.612056 23
0.61191 23
0.611765 23
0.611628 23
0.611483 23
0.611338 23
0.611195 23
0.611053 23
0.610899 23
0.610749 23
0.610612 23
0.610487 23
0.61036 23
0.610209 23
0.610052 23
0.609924 23
0.609924 22
0.609788 22
0.609629 22
0.609479 22
0.609335 22
0.609335 21
0.609182 21
0.609042 21
0.608917 21
0.608917 20
0.608778 20
0.608627 20
0.608473 20
0.608339 20
0.608209 20
0.60808 20
0.607924 20
0.607779 20
0.607659 20
0.607525 20
0.607376 20
0.607235 20
0.607092 20
0.606958 20
0.606542 20
0.606412 20
0.606142 20
0.605981 20
0.605836 20
0.605691 20
0.605544 20
0.60539 20
0.60539 19
0.60526 19
0.605113 19
0.60498 19
0.60498 18
0.604827 18
0.604677 18
0.604532 18
0.604389 18
0.604233 18
0.604094 18
0.603948 18
0.603816 18
0.603675 18
0.603528 18
0.603369 18
0.60325 18
0.60325 17
0.603098 17
0.602964 17
0.602822 17
0.602683 17
0.602578 17
0.602426 17
0.602282 17
0.602148 17
0.602011 17
0.601875 17
0.601726 17
0.601576 17
0.601432 17
0.601288 17
0.601147 17
0.601011 17
0.600879 17
0.600563 17
0.600429 17
0.600291 17
0.600169 17
0.600019 17
0.59987 17
0.599718 17
0.599577 17
0.599427 17
0.599284 17
0.599188 16
0.599043 16
0.59891 16
0.59876 16
0.598607 16
0.598467 16
0.598341 16
0.598189 16
0.598036 16
0.597888 16
0.597743 16
0.597594 16
0.59745 16
0.597283 16
0.597145 16
0.596996 16
0.596853 16
0.596708 16
0.596562 16
0.596418 16
0.596285 16
0.596141 16
0.596003 16
0.595869 16
0.595726 16
0.59558 16
0.595425 16
0.595278 16
0.595125 16
0.594974 16
0.594833 16
0.59455 16
0.594404 16
0.594253 16
0.594104 16
0.593962 16
0.593813 16
0.593671 16
0.593515 16
0.593222 16
0.593077 16
0.592825 16
0.592676 16
0.59254 16
0.592408 16
0.59227 16
0.592147 16
0.592022 16
0.591879 16
0.591745 16
0.59159 16
0.591431 16
0.590986 16
0.590863 16
0.590734 16
0.590606 16
0.590472 16
0.59032 16
0.590181 16
0.590037 16
0.589883 16
0.589749 16
0.589595 16
0.589464 16
0.589183 16
0.58903 16
0.588876 16
0.588731 16
0.588731 15
0.588585 15
0.588495 14
0.588354 14
0.588211 14
0.588057 14
0.587906 14
0.587753 14
0.587602 14
0.587455 14
0.587323 14
0.587009 14
0.586879 14
0.586879 13
0.586741 13
0.586612 13
0.58648 13
0.586338 13
0.586054 13
0.585897 13
0.585751 13
0.585613 13
0.585461 13
0.585461 12
0.585322 12
0.585163 12
0.585038 12
0.58488 12
0.584726 12
0.584583 12
0.58443 12
0.584292 12
0.584138 12
0.583996 12
0.583701 12
0.583588 12
0.583493 11
0.583247 11
0.583093 11
0.582933 11
0.582795 11
0.582686 11
0.582541 11
0.582394 11
0.582257 11
0.582094 11
0.581815 11
0.581667 11
0.581543 11
0.581395 11
0.581304 10
0.581014 10
0.580879 10
0.580738 10
0.580589 10
0.580443 10
0.580295 10
0.58014 10
0.57987 10
0.579729 10
0.579583 10
0.579434 10
0.579281 10
0.579142 10
0.579027 10
0.578873 10
0.578737 10
0.578593 10
0.578472 10
0.578327 10
0.578175 10
0.578031 10
0.577884 10
0.577738 10
0.577593 10
0.57744 10
0.577297 10
0.577156 10
0.57687 10
0.576719 10
0.576569 10
0.576431 10
0.576327 10
0.576174 10
0.576021 10
0.575878 10
0.57573 10
0.575584 10
0.575285 10
0.575151 10
0.574999 10
0.5747 10
0.574562 10
0.574411 10
0.574261 10
0.574105 10
0.573959 10
0.573817 10
0.573664 10
0.573354 10
0.573208 10
0.573068 10
0.572914 10
0.572765 10
0.572607 10
0.572451 10
0.572198 10
0.572065 10
0.57192 10
0.571787 10
0.57164 10
0.571491 10
0.571336 10
0.571195 10
0.571056 10
0.5709 10
0.570747 10
0.570447 10
0.570294 10
0.570155 10
0.570004 10
0.569849 10
0.569694 10
0.56957 10
0.569421 10
0.56928 10
0.569128 10
0.568992 10
0.568905 9
0.568765 9
0.568626 9
0.568485 9
0.568356 9
0.568201 9
0.568046 9
0.56792 9
0.567762 9
0.567618 9
0.567477 9
0.567328 9
0.567027 9
0.566876 9
0.566722 9
0.566595 9
0.566456 9
0.566313 9
0.566012 9
0.56586 9
0.565707 9
0.565551 9
0.565408 9
0.565275 9
0.565123 9
0.564969 9
0.564827 9
0.564694 9
0.564538 9
0.564402 9
0.564255 9
0.564109 9
0.563957 9
0.563814 9
0.563672 9
0.563522 9
0.563381 9
0.563249 9
0.563093 9
0.562938 9
0.562793 9
0.562642 9
0.562491 9
0.562358 9
0.562203 9
0.562054 9
0.561932 9
0.56178 9
0.561613 9
0.561316 9
0.561177 9
0.561024 9
0.560885 9
0.560588 9
0.560435 9
0.560291 9
0.560291 8
0.560178 8
0.559892 8
0.559744 8
0.559592 8
0.559298 8
0.559035 8
0.558896 8
0.558629 8
0.558482 8
0.558187 8
0.55804 8
0.557914 8
0.557766 8
0.557626 8
0.557499 8
0.557499 7
0.55734 7
0.55723 7
0.557074 7
0.556942 7
0.556793 7
0.556651 7
0.55651 7
0.556369 7
0.556215 7
0.556069 7
0.555924 7
0.555777 7
0.55564 7
0.555489 7
0.555347 7
0.555212 7
0.555057 7
0.554906 7
0.554753 7
0.554753 6
0.554597 6
0.554453 6
0.554319 6
0.554177 6
0.554034 6
0.553898 6
0.553779 6
0.553627 6
0.553338 6
0.55318 6
0.553034 6
0.552888 6
0.552746 6
0.552586 6
0.552348 6
0.552207 6
0.552059 6
0.551915 6
0.551618 6
0.55147 6
0.551319 6
0.551209 6
0.551051 6
0.550903 6
0.550621 6
0.550475 6
0.550321 6
0.550169 6
0.55001 6
0.549872 6
0.549575 6
0.549417 6
0.549268 6
0.54915 6
0.549007 6
0.548893 6
0.548746 6
0.548598 6
0.548447 6
0.548297 6
0.54815 6
0.547865 6
0.547585 6
0.54743 6
0.547274 6
0.547013 6
0.54671 6
0.546564 6
0.546419 6
0.546102 6
0.545833 6
0.545699 6
0.545417 6
0.545267 6
0.545127 6
0.544997 6
0.544855 6
0.544722 6
0.544438 6
0.544132 6
0.544032 6
0.543899 6
0.543745 6
0.543449 6
0.543296 6
0.543151 6
0.543012 6
0.542862 6
0.542551 6
0.542406 6
0.542254 6
0.542106 6
0.541964 6
0.541818 6
0.541666 6
0.541512 6
0.541223 6
0.540931 5
0.540782 5
0.540535 5
0.540376 5
0.540233 5
0.53997 5
0.539822 5
0.539668 5
0.539527 5
0.539379 5
0.539223 5
0.538791 5
0.538635 5
0.538486 5
0.538109 5
0.537967 5
0.537691 5
0.537543 5
0.537401 5
0.537266 5
0.537117 5
0.536965 5
0.536829 5
0.536674 5
0.536543 5
0.536268 5
0.536121 5
0.535858 5
0.535718 5
0.535588 5
0.535435 5
0.535298 5
0.534998 5
0.534871 5
0.534725 5
0.534585 5
0.534439 5
0.534142 5
0.534004 5
0.533859 5
0.533715 5
0.533578 5
0.533435 5
0.533143 5
0.53286 5
0.53272 5
0.532265 5
0.532146 5
0.532035 5
0.531748 5
0.531308 5
0.531153 5
0.531011 5
0.530848 5
0.5307 5
0.530574 5
0.530274 5
0.530147 5
0.529998 5
0.529839 5
0.5297 5
0.529555 5
0.529275 5
0.529133 5
0.528836 5
0.528684 5
0.528539 5
0.528402 5
0.528253 5
0.528101 5
0.527817 5
0.527518 5
0.527378 5
0.527236 5
0.527088 5
0.526937 5
0.526776 5
0.526628 5
0.526488 5
0.526354 5
0.526213 5
0.525904 5
0.525596 5
0.52546 5
0.525334 5
0.525205 5
0.52505 5
0.524913 5
0.524616 5
0.524166 5
0.524027 5
0.523881 5
0.52357 5
0.523426 5
0.523287 5
0.523138 5
0.522994 5
0.522847 5
0.522691 5
0.522538 5
0.522407 5
0.522273 5
0.52214 5
0.52199 5
0.521841 5
0.52168 5
0.521514 5
0.521359 5
0.521073 5
0.52077 5
0.520661 5
0.520508 5
0.520365 5
0.520221 5
0.519944 5
0.519331 5
0.519189 5
0.519037 5
0.518896 5
0.518749 5
0.518597 5
0.51845 5
0.518306 5
0.518151 5
0.518013 5
0.517878 5
0.517735 5
0.517438 5
0.517009 5
0.516851 5
0.516698 5
0.516278 5
0.516125 5
0.515978 5
0.515824 5
0.51567 5
0.515382 5
0.515106 5
0.514971 5
0.514814 5
0.514658 5
0.514513 5
0.514359 5
0.514228 5
0.514082 5
0.513928 5
0.513788 5
0.513641 5
0.513323 5
0.512884 5
0.512576 5
0.512284 5
0.512153 5
0.512016 5
0.511881 5
0.511739 5
0.511588 5
0.511433 5
0.511286 5
0.511134 5
0.510843 5
0.510691 5
0.510539 5
0.51038 5
0.509945 5
0.509671 5
0.50952 5
0.50937 5
0.509235 5
0.509076 5
0.508949 5
0.508803 5
0.508664 5
0.508084 5
0.507932 5
0.507815 5
0.507364 5
0.507063 5
0.506915 5
0.506772 5
0.506481 5
0.506336 5
0.505771 5
0.505633 5
0.505487 5
0.505336 5
0.505058 5
0.504911 5
0.504772 5
0.504358 5
0.50393 5
0.503775 5
0.503615 5
0.503461 5
0.503341 5
0.503206 5
0.503067 5
0.50277 5
0.502632 5
0.502482 5
0.502324 5
0.501897 5
0.501753 5
0.501603 5
0.501294 5
0.501154 5
0.501015 5
0.500874 5
0.500721 5
0.50043 5
0.500315 5
0.500171 5
0.499728 5
0.499572 5
0.499274 5
0.49914 5
0.49899 5
0.498695 5
0.498553 5
0.498409 5
0.498261 5
0.498115 5
0.497529 5
0.497251 5
0.497105 5
0.496956 5
0.496669 5
0.496513 5
0.496354 5
0.49608 5
0.495928 5
0.49561 5
0.495312 5
0.495174 5
0.495046 5
0.494738 5
0.494599 5
0.494315 5
0.494171 5
0.494027 5
0.493735 5
0.493606 5
0.493315 5
0.493006 5
0.492738 5
0.492301 5
0.492003 5
0.491709 5
0.491268 5
0.491128 5
0.490691 5
0.490545 5
0.489959 5
0.489679 5
0.489534 5
0.489078 5
0.488932 5
0.488633 5
0.488331 5
0.487894 5
0.487474 5
0.487168 5
0.486878 5
0.48672 5
0.486317 5
0.486183 5
0.486035 5
0.485908 5
0.485516 5
0.485209 5
0.484766 5
0.484618 5
0.484467 5
0.484314 5
0.484045 4
0.483898 4
0.483739 4
0.483584 4
0.483429 4
0.483279 4
0.482846 4
0.482569 4
0.481829 4
0.481584 3
0.48145 3
0.481008 3
0.480727 3
0.480575 3
0.480423 3
0.480282 3
0.479982 3
0.479554 3
0.479257 3
0.479137 3
0.478689 3
0.478385 3
0.478233 3
0.477919 3
0.477789 3
0.477505 3
0.477368 3
0.477072 3
0.476914 3
0.476778 3
0.476644 3
0.476507 3
0.476205 3
0.47591 3
0.475047 3
0.474462 3
0.473867 3
0.473567 3
0.473275 3
0.472981 3
0.472588 3
0.471973 3
0.471843 3
0.471555 3
0.4714 3
0.47112 3
0.470823 3
0.470515 3
0.470364 3
0.470086 3
0.469631 3
0.469333 3
0.469187 3
0.469032 3
0.468604 3
0.468468 3
0.467889 3
0.467453 3
0.467032 3
0.466878 3
0.466603 3
0.466455 3
0.466313 3
0.466046 3
0.465894 3
0.465609 3
0.465168 3
0.464569 3
0.464271 3
0.463978 3
0.463667 3
0.463515 3
0.463226 3
0.463096 3
0.462831 3
0.462693 3
0.462403 3
0.462104 3
0.461839 3
0.461548 3
0.461244 3
0.460792 3
0.460212 3
0.460065 3
0.459623 3
0.45888 3
0.458735 3
0.458263 3
0.457951 3
0.457796 3
0.457666 3
0.457215 3
0.456351 3
0.456046 3
0.455894 3
0.455744 3
0.455311 3
0.455159 3
0.454877 3
0.454724 3
0.454289 3
0.454164 3
0.453883 3
0.453583 3
0.452998 3
0.452856 3
0.452569 3
0.452151 3
0.451728 3
0.451131 3
0.450847 3
0.450546 3
0.450251 3
0.449967 3
0.449522 3
0.449092 3
0.448784 3
0.447928 3
0.447641 3
0.446754 3
0.446302 3
0.445996 3
0.445541 3
0.445256 3
0.444791 3
0.444341 3
0.44407 3
0.443163 3
0.442558 3
0.442286 3
0.441868 3
0.441721 3
0.441265 3
0.440823 3
0.440689 3
0.44039 3
0.439648 2
0.439343 2
0.43919 2
0.438303 2
0.438003 2
0.437574 2
0.436719 2
0.436162 2
0.436017 2
0.435404 2
0.435263 2
0.434971 2
0.434524 2
0.434228 2
0.433792 2
0.43319 2
0.432897 2
0.432588 2
0.432346 2
0.431303 2
0.431021 2
0.430283 2
0.429984 2
0.429369 2
0.428529 2
0.428396 2
0.427374 2
0.427246 2
0.426808 2
0.426213 2
0.425788 2
0.424963 2
0.424542 2
0.42393 2
0.42378 2
0.423509 2
0.423227 1
0.422634 1
0.42174 1
0.421301 1
0.420756 1
0.42009 1
0.419675 1
0.419068 1
0.418472 1
0.41789 1
0.417735 1
0.41717 1
0.416906 1
0.416093 1
0.415784 1
0.415185 1
0.414892 1
0.414166 1
0.413686 1
0.413136 1
0.412561 1
0.412408 1
0.411972 1
0.411678 1
0.41154 1
0.411242 1
0.410946 1
0.410406 1
0.409665 1
0.408661 1
0.408221 1
0.407211 1
0.406607 1
0.405733 1
0.405425 1
0.404968 1
0.404677 1
0.404531 1
0.403471 1
0.403191 1
0.40205 1
0.401232 1
0.399916 1
0.399502 1
0.398618 1
0.397902 1
0.397319 1
0.396442 1
0.395834 1
0.395374 1
0.394631 1
0.393886 1
0.393458 1
0.393311 1
0.39304 1
0.392443 1
0.391144 1
0.389987 1
0.389112 1
0.388666 1
0.387659 1
0.386832 1
0.385918 1
0.385457 1
0.385169 1
0.384717 1
0.383824 1
0.383374 1
0.382931 1
0.382369 1
0.381928 1
0.381351 1
0.380452 1
0.379594 1
0.378731 1
0.377261 1
0.376944 1
0.376199 1
0.375885 1
0.374998 1
0.374709 1
0.373985 1
0.373268 1
0.372686 1
0.371657 1
0.370688 1
0.369174 1
0.368444 1
0.368144 1
0.367304 1
0.366425 1
0.364975 1
0.36409 1
0.362943 1
0.362657 1
0.361235 1
0.359745 1
0.35875 1
0.357416 1
0.356532 1
0.355815 1
0.355072 1
0.353757 1
0.353296 1
0.352235 1
0.351212 1
0.35021 1
0.349192 1
0.348469 1
0.346726 1
0.345292 1
0.343775 1
0.342331 1
0.342026 1
0.341139 1
0.339952 1
0.339394 1
0.33849 1
0.33717 1
0.336313 1
0.335164 1
0.33412 1
0.332813 1
0.331495 1
0.330342 1
0.328704 1
0.327233 1
0.325234 1
0.323893 1
0.322754 1
0.320933 1
0.320359 1
0.319037 1
0.317919 1
0.316735 1
0.314521 1
0.312589 1
0.310957 1
0.309784 1
0.308313 1
0.306072 1
0.30386 1
0.302848 1
0.300786 1
0.299479 1
0.297597 1
0.295602 1
0.293842 1
0.292393 1
0.290059 1
0.2886 1
0.28684 1
0.284432 1
0.282843 1
0.279562 1
0.276439 1
0.274744 1
0.272138 1
0.269817 1
0.266914 1
0.264433 1
0.26241 1
0.26024 1
0.258173 1
0.255831 1
0.25306 1
0.251457 1
0.249546 1
0.246646 1
0.243655 1
0.241788 1
0.238288 1
0.23548 1
0.232697 1
0.229091 1
0.224484 1
0.220753 1
0.21696 1
0.213736 1
0.209449 1
0.204072 1
0.19966 1
0.194644 1
0.189264 1
0.182106 1
0.176575 1
0.171525 1
0.164185 1
0.158115 1
0.149705 1
0.143625 1
0.135947 1
0.12762 1
0.118566 0
0.106804 0
0.0932325 0
0.0760503 0
0.0594414 0
0.0358536 0
0 0
