0.72486 845
0.72486 844
0.72486 843
0.72486 842
0.72486 841
0.72486 840
0.72486 839
0.72486 838
0.72486 837
0.72486 836
0.72486 835
0.72486 834
0.72486 833
0.72486 832
0.724758 832
0.724758 831
0.724758 830
0.724758 829
0.724758 828
0.724758 827
0.724758 826
0.724758 825
0.724758 824
0.724758 823
0.724758 822
0.724758 821
0.724758 820
0.724758 819
0.724758 818
0.724758 817
0.724758 816
0.724758 815
0.724758 814
0.724758 813
0.724758 812
0.724758 811
0.724758 810
0.724758 809
0.724758 808
0.724758 807
0.724758 806
0.724758 805
0.724758 804
0.724758 803
0.724758 802
0.724758 801
0.724758 800
0.724758 799
0.724758 798
0.724758 797
0.724643 797
0.724643 796
0.724643 795
0.724643 794
0.724643 793
0.724643 792
0.724643 791
0.724643 790
0.724558 789
0.724558 788
0.724558 787
0.724558 786
0.724558 785
0.724558 784
0.724558 783
0.724558 782
0.724506 781
0.724506 780
0.724506 779
0.724506 778
0.724506 777
0.724383 777
0.724383 776
0.724383 775
0.724383 774
0.724383 773
0.724304 772
0.724304 771
0.724304 770
0.724304 769
0.724304 768
0.724304 767
0.724304 766
0.724304 765
0.724304 764
0.724304 763
0.72422 762
0.72422 761
0.72422 760
0.72422 759
0.72422 758
0.72422 757
0.72422 756
0.72422 755
0.72422 754
0.72422 753
0.72422 752
0.72422 751
0.72422 750
0.72422 749
0.72422 748
0.72422 747
0.72422 746
0.72422 745
0.72422 744
0.72422 743
0.72422 742
0.724137 741
0.724137 740
0.724137 739
0.724137 738
0.724137 737
0.724137 736
0.724137 735
0.724137 734
0.724137 733
0.724137 732
0.724137 731
0.724137 730
0.724137 729
0.724137 728
0.724137 727
0.724137 726
0.724137 725
0.724137 724
0.724137 723
0.724137 722
0.724137 721
0.724029 721
0.724029 720
0.724029 719
0.724029 718
0.724029 717
0.723885 717
0.723885 716
0.723885 715
0.723885 714
0.723885 713
0.723885 712
0.723885 711
0.723885 710
0.723885 709
0.723885 708
0.723885 707
0.723885 706
0.723777 706
0.723777 705
0.723777 704
0.723777 703
0.723777 702
0.723777 701
0.723777 700
0.723777 699
0.723777 698
0.723777 697
0.723777 696
0.723777 695
0.723777 694
0.723777 693
0.723777 692
0.723747 691
0.723747 690
0.723747 689
0.723747 688
0.723747 687
0.723747 686
0.723747 685
0.723646 685
0.723646 684
0.723646 683
0.723646 682
0.723646 681
0.723646 680
0.723646 679
0.723646 678
0.723646 677
0.723646 676
0.723646 675
0.723646 674
0.723646 673
0.723646 672
0.723646 671
0.723646 670
0.723646 669
0.723646 668
0.723646 667
0.723646 666
0.723646 665
0.723646 664
0.723646 663
0.723646 662
0.723646 661
0.723646 660
0.723646 659
0.723646 658
0.723646 657
0.723646 656
0.723646 655
0.723646 654
0.723646 653
0.723646 652
0.723646 651
0.723646 650
0.723646 649
0.723646 648
0.723646 647
0.723646 646
0.723646 645
0.723646 644
0.723646 643
0.723646 642
0.723646 641
0.723646 640
0.723646 639
0.723646 638
0.723646 637
0.723539 637
0.723539 636
0.723539 635
0.723539 634
0.723428 634
0.723428 633
0.723428 632
0.723428 631
0.723428 630
0.723296 630
0.723296 629
0.723296 628
0.723296 627
0.723173 627
0.723173 626
0.723037 626
0.723037 625
0.723037 624
0.722932 624
0.722932 623
0.722932 622
0.722932 621
0.722932 620
0.722932 619
0.722932 618
0.722814 618
0.722814 617
0.722814 616
0.722814 615
0.722693 615
0.722693 614
0.722693 613
0.722693 612
0.722578 612
0.722578 611
0.722578 610
0.722578 609
0.722578 608
0.722578 607
0.722578 606
0.722578 605
0.722578 604
0.722578 603
0.722578 602
0.722578 601
0.722578 600
0.722466 600
0.722466 599
0.722466 598
0.722466 597
0.722466 596
0.722466 595
0.722466 594
0.722466 593
0.722378 592
0.722378 591
0.722378 590
0.722378 589
0.722268 589
0.722268 588
0.722268 587
0.722268 586
0.722268 585
0.722247 584
0.722247 583
0.722247 582
0.722247 581
0.722247 580
0.722114 580
0.722114 579
0.721985 579
0.721967 578
0.721967 577
0.721967 576
0.721967 575
0.721967 574
0.721967 573
0.721967 572
0.721814 572
0.721814 571
0.721814 570
0.721814 569
0.721814 568
0.721814 567
0.721682 567
0.721682 566
0.721682 565
0.721682 564
0.721682 563
0.721682 562
0.721682 561
0.721682 560
0.721682 559
0.721587 558
0.721587 557
0.721587 556
0.721587 555
0.721587 554
0.721447 554
0.721447 553
0.721447 552
0.721447 551
0.721447 550
0.721447 549
0.721447 548
0.721447 547
0.721447 546
0.721346 546
0.721346 545
0.721198 545
0.721198 544
0.721198 543
0.721198 542
0.721198 541
0.721111 540
0.721111 539
0.721111 538
0.721111 537
0.721111 536
0.720982 536
0.720982 535
0.720982 534
0.720982 533
0.720982 532
0.720982 531
0.720982 530
0.720982 529
0.720982 528
0.720909 527
0.720759 527
0.720759 526
0.72068 525
0.72068 524
0.72068 523
0.720567 523
0.720567 522
0.720567 521
0.720567 520
0.720567 519
0.720567 518
0.720567 517
0.720567 516
0.720567 515
0.720567 514
0.720567 513
0.720567 512
0.720567 511
0.720464 511
0.720464 510
0.72042 509
0.72042 508
0.720315 508
0.720315 507
0.720315 506
0.720315 505
0.720315 504
0.720315 503
0.720315 502
0.720315 501
0.720223 500
0.720223 499
0.720223 498
0.720223 497
0.720223 496
0.720223 495
0.720103 495
0.720103 494
0.720004 494
0.720004 493
0.720004 492
0.720004 491
0.720004 490
0.71994 489
0.719849 488
0.719849 487
0.719849 486
0.719849 485
0.719733 485
0.719733 484
0.719733 483
0.719733 482
0.719733 481
0.719733 480
0.719733 479
0.719733 478
0.719733 477
0.71963 477
0.719472 477
0.719361 477
0.719361 476
0.719361 475
0.719361 474
0.719245 474
0.719151 473
0.719151 472
0.719151 471
0.719151 470
0.719151 469
0.719151 468
0.718996 468
0.718996 467
0.718996 466
0.718996 465
0.718996 464
0.718996 463
0.718996 462
0.718843 462
0.718843 461
0.718839 460
0.718839 459
0.718732 459
0.718607 459
0.718447 459
0.718447 458
0.718447 457
0.718447 456
0.718307 456
0.718229 455
0.718229 454
0.718229 453
0.718229 452
0.718229 451
0.718136 450
0.718136 449
0.718136 448
0.718136 447
0.718136 446
0.718028 446
0.718028 445
0.718028 444
0.718028 443
0.718028 442
0.718028 441
0.718028 440
0.718028 439
0.718028 438
0.718028 437
0.718028 436
0.718028 435
0.718028 434
0.718028 433
0.718028 432
0.718028 431
0.717892 431
0.717892 430
0.717892 429
0.717812 428
0.717812 427
0.717696 427
0.717696 426
0.717696 425
0.717582 425
0.71747 425
0.71747 424
0.71747 423
0.71747 422
0.71747 421
0.717329 421
0.717329 420
0.717329 419
0.717329 418
0.717329 417
0.717329 416
0.717329 415
0.717329 414
0.717329 413
0.717329 412
0.71721 412
0.717098 412
0.717098 411
0.717098 410
0.716948 410
0.716948 409
0.716948 408
0.716948 407
0.716948 406
0.716948 405
0.716948 404
0.716948 403
0.716948 402
0.716948 401
0.71684 401
0.71684 400
0.71684 399
0.716746 398
0.716746 397
0.716631 397
0.716631 396
0.716505 396
0.716378 396
0.716378 395
0.716378 394
0.716378 393
0.716378 392
0.716261 392
0.716137 392
0.716137 391
0.716137 390
0.716137 389
0.716137 388
0.716137 387
0.716137 386
0.716137 385
0.716043 384
0.716043 383
0.716043 382
0.716043 381
0.715946 381
0.715946 380
0.715946 379
0.715946 377
0.715946 376
0.715946 375
0.715841 375
0.715841 374
0.715841 373
0.715727 373
0.715727 372
0.715727 371
0.715597 371
0.715597 370
0.715597 369
0.715597 368
0.715597 367
0.715597 366
0.715597 365
0.715597 364
0.715452 364
0.715452 363
0.715452 362
0.715452 361
0.715452 360
0.715452 359
0.715452 358
0.715452 357
0.715433 356
0.715433 355
0.715433 354
0.715297 354
0.715156 354
0.715014 354
0.714888 354
0.714888 353
0.714741 353
0.714741 352
0.714741 351
0.714741 350
0.714594 350
0.714594 349
0.714492 349
0.714492 348
0.714381 348
0.714381 347
0.714381 346
0.714381 345
0.714381 344
0.714247 344
0.714128 344
0.714128 343
0.714128 342
0.714128 341
0.713995 341
0.713901 340
0.713901 339
0.713827 338
0.713693 338
0.713561 338
0.713429 338
0.713429 337
0.713429 336
0.713429 335
0.713429 334
0.713288 334
0.713288 333
0.713147 333
0.713033 333
0.713033 332
0.713033 331
0.713033 330
0.713033 329
0.713033 328
0.713033 327
0.713033 326
0.713033 325
0.713033 324
0.712933 324
0.712933 323
0.712812 323
0.712702 323
0.712702 322
0.712575 322
0.712575 321
0.712575 320
0.712477 320
0.712477 319
0.712359 319
0.712239 319
0.712239 318
0.712147 317
0.712045 317
0.711893 317
0.711893 316
0.711773 316
0.711625 316
0.711507 316
0.711507 315
0.711352 315
0.711352 314
0.711352 313
0.711352 312
0.711352 311
0.711241 311
0.711241 310
0.711097 310
0.710953 310
0.710953 309
0.710953 308
0.710828 308
0.710828 307
0.710828 306
0.71071 306
0.71071 305
0.7106 305
0.71051 304
0.71051 303
0.710411 303
0.710411 302
0.710411 301
0.710411 300
0.710411 299
0.710411 298
0.710278 298
0.710172 298
0.710172 297
0.710172 296
0.710172 295
0.710172 294
0.710062 294
0.709936 294
0.709936 293
0.709936 292
0.709824 292
0.709824 291
0.709824 290
0.709824 289
0.709824 288
0.709824 287
0.709824 286
0.709684 286
0.709684 285
0.709551 285
0.709551 284
0.709551 283
0.709486 282
0.709369 282
0.709369 281
0.709369 280
0.709369 279
0.709369 278
0.70922 278
0.709072 278
0.70892 278
0.708807 278
0.708807 277
0.708666 277
0.708666 276
0.708547 276
0.708547 275
0.708547 274
0.708547 273
0.708547 272
0.7084 272
0.708292 272
0.708292 271
0.708292 270
0.708147 270
0.708025 270
0.708025 269
0.707886 269
0.707886 268
0.70781 267
0.70781 266
0.707702 266
0.707554 266
0.707425 266
0.707425 265
0.707425 264
0.707425 263
0.707296 263
0.70717 263
0.707013 263
0.707013 262
0.70689 262
0.70689 261
0.706808 260
0.706687 260
0.706687 259
0.706687 258
0.706687 257
0.706687 256
0.706539 256
0.706539 255
0.706395 255
0.706277 255
0.706277 254
0.706146 254
0.706146 252
0.706146 251
0.706011 251
0.706011 250
0.705929 249
0.705929 248
0.705929 247
0.705929 246
0.705795 246
0.705665 246
0.705665 245
0.70557 244
0.70557 243
0.70557 242
0.70557 241
0.705425 241
0.705289 241
0.705141 241
0.704988 241
0.704913 240
0.704913 239
0.704913 238
0.70481 238
0.704678 238
0.704545 238
0.704444 238
0.704297 238
0.704297 237
0.704297 236
0.704297 235
0.704174 235
0.704034 235
0.703887 235
0.703758 235
0.703607 235
0.703448 235
0.7033 235
0.7033 234
0.703166 234
0.703059 234
0.703059 233
0.702917 233
0.702787 233
0.702647 233
0.702647 232
0.702514 232
0.702387 232
0.702258 232
0.702125 232
0.701976 232
0.701855 231
0.701855 230
0.701754 230
0.701663 229
0.701526 229
0.701399 229
0.701399 228
0.701237 228
0.701237 226
0.701127 226
0.701044 225
0.700897 225
0.700778 225
0.700778 224
0.700629 224
0.700499 224
0.700359 224
0.700359 223
0.700359 222
0.700265 221
0.700184 220
0.700184 219
0.700078 219
0.700078 218
0.699931 218
0.699832 218
0.699677 218
0.699546 218
0.699463 217
0.699463 216
0.699463 215
0.699463 214
0.699463 213
0.699428 212
0.699291 212
0.699203 211
0.699203 210
0.699203 209
0.699203 208
0.699203 207
0.699203 206
0.699076 206
0.699076 205
0.698941 205
0.698941 204
0.698941 203
0.698841 203
0.698743 203
0.698743 202
0.698595 202
0.69847 202
0.698316 202
0.698316 201
0.698316 200
0.698174 200
0.69803 200
0.697896 200
0.697896 199
0.697896 198
0.697896 197
0.697799 196
0.697799 195
0.697642 195
0.697555 194
0.697555 193
0.697418 193
0.697418 192
0.697418 191
0.697418 190
0.697418 189
0.697272 189
0.697272 188
0.697272 187
0.697152 187
0.697152 186
0.697152 185
0.697152 184
0.697027 184
0.696907 184
0.696772 184
0.696772 183
0.696624 183
0.696485 183
0.696485 182
0.696485 181
0.696485 180
0.69639 179
0.69639 178
0.696241 178
0.696241 177
0.696107 177
0.69596 177
0.695692 177
0.695692 176
0.695692 175
0.695692 174
0.695692 173
0.695692 172
0.695538 172
0.695389 172
0.695242 172
0.695242 171
0.695098 171
0.694971 171
0.694971 170
0.694951 169
0.694951 168
0.69482 168
0.69482 167
0.69482 166
0.694696 166
0.694594 166
0.694594 165
0.694471 165
0.694351 165
0.694248 165
0.694248 164
0.694111 164
0.693968 164
0.693846 164
0.693846 163
0.693709 163
0.693573 163
0.693573 162
0.693414 162
0.693414 161
0.69328 161
0.69328 160
0.693124 160
0.69303 159
0.692919 159
0.692768 159
0.692672 158
0.692672 157
0.692672 156
0.692536 156
0.692536 155
0.692433 155
0.692305 155
0.692177 155
0.692177 154
0.692031 154
0.691909 154
0.691761 154
0.691761 153
0.69164 153
0.691507 153
0.691374 153
0.691266 153
0.691266 152
0.691266 151
0.691164 150
0.691032 150
0.690924 150
0.690924 149
0.690806 149
0.690806 148
0.690701 148
0.69056 148
0.690432 148
0.690432 147
0.690432 146
0.690432 145
0.690313 145
0.690192 145
0.690132 144
0.68999 144
0.689852 144
0.689852 143
0.689852 142
0.689852 141
0.689704 141
0.689561 141
0.689406 141
0.689406 140
0.689277 140
0.689147 140
0.689147 139
0.689066 138
0.688944 138
0.688819 138
0.688686 138
0.688591 137
0.688591 136
0.68846 136
0.688318 136
0.688318 135
0.688177 135
0.688042 135
0.688042 134
0.688042 133
0.687933 133
0.687814 133
0.687814 132
0.687693 132
0.687693 131
0.687693 130
0.687693 129
0.687564 129
0.687419 129
0.68728 129
0.68728 128
0.68728 127
0.68713 127
0.686979 127
0.686827 127
0.686694 127
0.68657 127
0.68657 126
0.68644 126
0.686308 126
0.686163 126
0.686036 126
0.686036 125
0.68594 124
0.68594 123
0.685829 123
0.685679 123
0.685527 123
0.685527 122
0.685409 122
0.685409 121
0.685409 120
0.685409 119
0.685257 119
0.685257 118
0.685257 117
0.685127 117
0.684986 117
0.684842 117
0.684842 116
0.684842 115
0.684708 115
0.684585 115
0.684485 115
0.684372 115
0.684229 115
0.684229 114
0.684106 114
0.684106 113
0.684106 112
0.684106 111
0.683993 111
0.683753 111
0.683649 111
0.683528 111
0.683528 110
0.683528 109
0.683414 109
0.683327 108
0.683197 108
0.683191 107
0.683191 106
0.683054 106
0.682914 106
0.682782 106
0.682782 105
0.682677 105
0.682541 105
0.682387 105
0.682387 104
0.682266 104
0.682128 104
0.682014 104
0.681909 104
0.681745 104
0.68149 104
0.681359 104
0.681359 103
0.68122 103
0.681079 103
0.680962 103
0.680962 102
0.680825 102
0.680825 101
0.680713 101
0.680713 100
0.680593 100
0.680446 100
0.680298 100
0.680209 99
0.680209 98
0.68005 98
0.68005 97
0.679929 97
0.679929 96
0.679929 95
0.67981 95
0.679666 95
0.679516 95
0.679516 94
0.679374 94
0.679374 93
0.679243 93
0.679102 93
0.678983 93
0.678983 92
0.678851 92
0.678719 92
0.678719 91
0.678559 91
0.678453 91
0.678286 91
0.678286 90
0.678139 90
0.678016 90
0.678016 89
0.678016 88
0.677868 88
0.677738 88
0.677738 87
0.677595 87
0.677595 86
0.677455 86
0.67731 86
0.67731 85
0.677166 85
0.677023 85
0.67688 85
0.676745 85
0.676613 85
0.676474 85
0.676474 84
0.676271 83
0.676126 83
0.675974 83
0.675819 83
0.675665 83
0.67555 83
0.67555 82
0.675438 82
0.675438 81
0.675438 80
0.675438 79
0.6753 79
0.6753 78
0.675191 78
0.67506 78
0.674923 78
0.674923 77
0.674782 77
0.674644 77
0.674394 77
0.674273 77
0.674145 77
0.673996 77
0.673895 77
0.673751 77
0.673597 77
0.673445 77
0.673445 76
0.673321 76
0.673201 76
0.673201 75
0.67309 75
0.672949 75
0.672794 75
0.67266 75
0.672505 75
0.672374 75
0.672255 75
0.672115 75
0.671971 75
0.671703 75
0.671703 74
0.67155 74
0.671419 74
0.67129 74
0.671141 74
0.671032 74
0.670889 74
0.670741 74
0.670597 74
0.670456 74
0.670314 74
0.670189 74
0.670051 74
0.669893 74
0.669749 74
0.669605 74
0.669448 74
0.669307 74
0.669307 73
0.669172 73
0.669028 73
0.668879 73
0.668736 73
0.668602 73
0.668465 73
0.668465 72
0.668326 72
0.668219 72
0.668085 72
0.667923 72
0.667923 71
0.667775 71
0.667642 71
0.667514 71
0.667382 71
0.667382 70
0.667235 70
0.667119 70
0.666971 70
0.666825 70
0.666825 69
0.666672 69
0.666515 69
0.666398 69
0.666269 69
0.666148 69
0.665985 69
0.665856 69
0.665751 69
0.665619 69
0.665619 68
0.665619 67
0.66548 66
0.66548 64
0.665357 64
0.665202 64
0.66507 64
0.664951 64
0.664823 64
0.664719 64
0.664591 64
0.664591 63
0.664434 63
0.664295 63
0.664165 63
0.664042 63
0.663899 63
0.663899 62
0.663741 62
0.6636 62
0.663475 62
0.663355 62
0.663132 62
0.662975 62
0.662526 62
0.662403 62
0.662264 62
0.662264 61
0.66214 61
0.662002 61
0.661863 61
0.661863 60
0.66176 60
0.661623 60
0.661487 60
0.66133 60
0.66133 59
0.661202 59
0.661059 59
0.660903 59
0.660748 59
0.660612 59
0.6605 59
0.660343 59
0.660202 59
0.660054 59
0.659917 59
0.659917 58
0.659814 58
0.659679 58
0.659561 58
0.659446 58
0.659193 58
0.659053 58
0.658889 58
0.658723 58
0.658583 58
0.658463 58
0.658345 58
0.658189 58
0.658029 57
0.657912 57
0.657778 57
0.657778 56
0.657621 56
0.657486 56
0.657373 56
0.657278 55
0.657153 55
0.657017 55
0.656882 55
0.656746 55
0.656631 55
0.656492 55
0.656351 55
0.656226 55
0.656226 54
0.65594 54
0.655805 54
0.655662 54
0.655533 54
0.655413 54
0.655299 54
0.655152 54
0.655152 53
0.655011 53
0.654885 53
0.65475 53
0.654618 53
0.654472 53
0.654341 53
0.654206 53
0.654052 53
0.653783 53
0.653783 52
0.653643 52
0.653516 52
0.653368 52
0.653239 52
0.653088 52
0.65293 51
0.65279 51
0.652648 51
0.652511 51
0.652359 51
0.652237 51
0.652082 51
0.651969 51
0.651821 51
0.651668 51
0.651668 50
0.65154 50
0.6514 50
0.65126 50
0.651122 49
0.651122 48
0.650984 48
0.650706 48
0.650706 47
0.650571 47
0.65043 47
0.65043 46
0.650298 46
0.650167 46
0.650025 46
0.649732 46
0.649582 46
0.649472 46
0.649322 46
0.649166 46
0.649166 45
0.649009 45
0.648863 45
0.648747 45
0.648593 45
0.648471 45
0.648339 45
0.648312 44
0.648201 44
0.648062 44
0.647928 44
0.647792 44
0.647657 44
0.64752 44
0.647382 44
0.647382 43
0.647293 42
0.647148 42
0.646997 42
0.646882 42
0.646882 41
0.646882 40
0.646749 40
0.646617 40
0.646617 39
0.646479 39
0.646339 39
0.646187 39
0.646048 39
0.646048 38
0.646048 37
0.645893 37
0.64575 37
0.645608 37
0.645465 37
0.645323 37
0.645201 37
0.645059 37
0.644922 36
0.644922 35
0.644822 35
0.644695 35
0.64456 35
0.644437 34
0.644295 34
0.644132 34
0.644001 34
0.643862 34
0.643722 34
0.643616 34
0.643499 34
0.643363 34
0.643226 34
0.643093 34
0.642969 34
0.642827 34
0.642701 34
0.642543 34
0.64242 34
0.64229 34
0.642043 34
0.642043 33
0.641925 33
0.641779 33
0.641659 33
0.641543 33
0.641399 33
0.641247 33
0.640965 33
0.640838 33
0.640697 32
0.640585 32
0.64043 32
0.640276 32
0.640147 32
0.639983 32
0.63988 32
0.63988 31
0.639753 31
0.639628 31
0.639628 30
0.639475 30
0.63921 30
0.639067 30
0.63891 30
0.638758 30
0.63862 30
0.638487 30
0.638346 30
0.638346 29
0.638191 29
0.638071 29
0.63794 29
0.63794 28
0.63779 28
0.63751 28
0.637422 26
0.637279 26
0.637132 26
0.637012 26
0.63685 26
0.636723 26
0.636589 26
0.636483 26
0.636342 26
0.636197 26
0.636054 26
0.635923 26
0.635774 26
0.635629 26
0.635489 26
0.635341 26
0.635221 26
0.635067 26
0.634946 26
0.634791 26
0.634641 26
0.63455 25
0.634404 25
0.634267 25
0.634128 25
0.633986 25
0.633858 25
0.633703 25
0.633703 24
0.633412 24
0.633282 24
0.633163 24
0.633022 24
0.632883 24
0.63275 24
0.632599 24
0.63249 24
0.632205 24
0.632066 24
0.631796 24
0.631675 24
0.631675 23
0.63154 23
0.631396 23
0.631094 23
0.630999 22
0.630725 22
0.630588 22
0.630448 22
0.630308 22
0.630196 22
0.630048 22
0.629884 22
0.629732 22
0.629614 22
0.629455 22
0.629326 22
0.629187 22
0.629043 22
0.628764 22
0.628609 22
0.628491 22
0.628337 22
0.62821 22
0.628077 22
0.627945 22
0.627813 22
0.627535 22
0.627535 21
0.627397 21
0.627247 21
0.627122 21
0.626994 21
0.626994 20
0.626851 20
0.626715 20
0.6266 20
0.626462 20
0.626312 20
0.626177 20
0.626025 20
0.625736 20
0.625591 20
0.625467 20
0.625332 20
0.625188 20
0.624926 20
0.624778 20
0.624633 20
0.624482 20
0.624348 20
0.624201 20
0.624079 20
0.623921 20
0.62365 20
0.623495 20
0.623344 20
0.623195 20
0.623065 20
0.62293 20
0.622631 20
0.622486 20
0.622351 20
0.622194 20
0.622045 20
0.622045 19
0.621768 19
0.621644 19
0.621359 19
0.621359 18
0.62122 18
0.621077 18
0.62081 18
0.620654 18
0.620513 18
0.620367 17
0.620218 17
0.620078 17
0.619917 17
0.61977 17
0.619619 17
0.619507 17
0.619356 17
0.619262 16
0.619133 16
0.618998 16
0.618842 16
0.618693 16
0.618436 16
0.618153 16
0.618012 16
0.617858 16
0.617714 16
0.617424 16
0.617292 16
0.617003 16
0.616864 16
0.61656 16
0.616414 16
0.616278 16
0.61613 16
0.615811 16
0.615571 16
0.615438 16
0.615317 16
0.615317 15
0.61516 15
0.615003 15
0.614883 15
0.614665 14
0.614236 14
0.61394 14
0.613806 14
0.613388 14
0.613267 14
0.613128 14
0.613008 14
0.613008 13
0.61257 13
0.612459 13
0.612314 13
0.612174 13
0.612029 13
0.611878 13
0.611747 13
0.611624 13
0.61148 13
0.611344 13
0.611188 13
0.611058 13
0.610944 13
0.610799 13
0.610656 13
0.610411 13
0.610138 12
0.60986 12
0.609743 12
0.609597 12
0.609458 12
0.60933 12
0.608912 12
0.608769 12
0.60862 12
0.608342 12
0.608196 12
0.608064 12
0.607907 12
0.607767 12
0.607516 12
0.607089 12
0.606945 12
0.60681 12
0.606517 12
0.606389 12
0.606239 12
0.606115 12
0.605973 12
0.605817 12
0.605551 12
0.605406 12
0.605406 11
0.605256 11
0.604984 11
0.604838 11
0.604741 10
0.604472 10
0.604037 10
0.603886 10
0.603736 10
0.603582 10
0.603145 10
0.602853 10
0.60256 10
0.602412 10
0.602275 10
0.602162 10
0.602015 10
0.601886 10
0.601737 10
0.601482 10
0.601335 9
0.601041 9
0.600884 9
0.600601 9
0.600442 9
0.600303 9
0.600176 8
0.600028 8
0.599881 8
0.599732 8
0.599587 8
0.599449 8
0.5993 8
0.599168 8
0.599025 8
0.598756 8
0.598518 8
0.598379 8
0.598079 8
0.597932 8
0.597789 8
0.597644 8
0.597513 8
0.59741 8
0.597303 8
0.597171 8
0.597037 8
0.596916 8
0.596781 8
0.596504 8
0.596234 8
0.59611 8
0.595969 8
0.595545 8
0.595138 8
0.595007 8
0.594401 8
0.594131 8
0.59398 8
0.593842 8
0.59341 8
0.593256 8
0.592964 8
0.592814 8
0.592516 7
0.592379 7
0.592379 6
0.592241 6
0.592241 5
0.592135 5
0.591701 4
0.591581 4
0.591321 4
0.591199 4
0.59107 4
0.590659 4
0.590501 4
0.590368 4
0.590213 4
0.590081 4
0.589782 4
0.589487 4
0.589342 4
0.5892 4
0.589045 4
0.588915 4
0.588767 4
0.588455 4
0.588323 4
0.58817 4
0.588037 4
0.587612 4
0.587469 4
0.587342 4
0.587205 4
0.587072 3
0.586919 3
0.586626 3
0.586477 3
0.586345 3
0.586098 3
0.585935 3
0.585675 3
0.585525 3
0.585233 3
0.585082 3
0.584949 3
0.584798 3
0.584645 3
0.584515 3
0.58437 3
0.584227 3
0.584084 3
0.583922 3
0.58378 3
0.583519 3
0.583377 3
0.582511 3
0.582219 3
0.58192 3
0.581479 3
0.581337 3
0.580914 3
0.580788 3
0.580376 3
0.580075 3
0.579916 3
0.579634 3
0.579333 3
0.579027 3
0.578889 3
0.578749 3
0.578613 3
0.57835 3
0.578209 3
0.577763 3
0.577617 3
0.57749 3
0.57733 3
0.577178 3
0.577032 3
0.57675 3
0.576479 3
0.576336 3
0.575775 3
0.575503 3
0.574965 3
0.574552 3
0.574406 3
0.57426 3
0.573659 3
0.57352 3
0.573366 3
0.573219 3
0.573091 3
0.572958 3
0.572725 3
0.572449 3
0.572167 3
0.572013 3
0.571586 3
0.571454 3
0.571305 3
0.571031 3
0.570738 3
0.570621 3
0.570482 3
0.570317 3
0.570013 3
0.569307 3
0.569007 3
0.568392 3
0.568124 3
0.567988 3
0.567571 3
0.567018 3
0.566769 3
0.56662 3
0.565901 3
0.565901 2
0.565635 2
0.565483 2
0.565211 2
0.565051 2
0.564898 2
0.564624 2
0.564317 2
0.56387 2
0.563578 2
0.563124 2
0.562987 2
0.562714 2
0.562434 2
0.561843 2
0.561695 2
0.561542 2
0.561116 2
0.560665 2
0.560527 2
0.56038 2
0.560237 2
0.559793 2
0.559359 2
0.559228 2
0.558793 2
0.558252 2
0.557954 2
0.557528 2
0.5574 2
0.556673 2
0.556384 2
0.555731 2
0.555286 2
0.555002 2
0.554566 2
0.554427 2
0.55428 2
0.55399 2
0.55385 2
0.553285 2
0.55299 2
0.552395 2
0.552301 1
0.552018 1
0.551719 1
0.551291 1
0.551141 1
0.550831 1
0.550679 1
0.550396 1
0.549801 1
0.549497 1
0.549354 1
0.549053 1
0.548611 1
0.54847 1
0.548039 1
0.547436 1
0.546859 1
0.546601 1
0.545993 1
0.545414 1
0.545119 1
0.544823 1
0.544692 1
0.544117 1
0.54383 1
0.543439 1
0.543006 1
0.542588 1
0.542455 1
0.541901 1
0.541599 1
0.54145 1
0.541149 1
0.540865 1
0.540445 1
0.539717 1
0.539134 1
0.538834 1
0.538125 1
0.537696 1
0.537246 1
0.536675 1
0.535698 1
0.535012 1
0.534457 1
0.533893 1
0.533748 1
0.533598 1
0.532848 1
0.532129 1
0.531829 1
0.530962 1
0.529929 1
0.529191 1
0.528922 1
0.528192 1
0.527613 1
0.526872 1
0.526311 1
0.526008 1
0.525578 1
0.525274 1
0.525126 1
0.524851 1
0.524251 1
0.523213 1
0.522778 1
0.521913 1
0.52163 1
0.521087 1
0.520216 1
0.519904 1
0.519633 0
0.519088 0
0.518506 0
0.517905 0
0.516868 0
0.515985 0
0.51481 0
0.513943 0
0.513067 0
0.512779 0
0.512483 0
0.511887 0
0.511613 0
0.510757 0
0.510468 0
0.510153 0
0.509156 0
0.508427 0
0.507445 0
0.506124 0
0.505653 0
0.50464 0
0.504349 0
0.503784 0
0.502935 0
0.502487 0
0.50147 0
0.500062 0
0.498892 0
0.49786 0
0.497304 0
0.496732 0
0.496158 0
0.495446 0
0.495005 0
0.494147 0
0.492971 0
0.492678 0
0.492236 0
0.490451 0
0.489303 0
0.488257 0
0.487365 0
0.486475 0
0.484987 0
0.48396 0
0.483416 0
0.482812 0
0.481919 0
0.480742 0
0.479999 0
0.47881 0
0.478367 0
0.477072 0
0.476339 0
0.475739 0
0.474898 0
0.473702 0
0.472396 0
0.471325 0
0.470711 0
0.470267 0
0.468754 0
0.467441 0
0.466251 0
0.465061 0
0.463906 0
0.461668 0
0.461076 0
0.459756 0
0.458256 0
0.45664 0
0.455776 0
0.453293 0
0.451669 0
0.450496 0
0.449174 0
0.44744 0
0.446232 0
0.444621 0
0.443462 0
0.442592 0
0.440705 0
0.439623 0
0.438379 0
0.436127 0
0.434982 0
0.433504 0
0.432594 0
0.431429 0
0.429778 0
0.428287 0
0.426142 0
0.424681 0
0.422283 0
0.420229 0
0.418617 0
0.417565 0
0.415934 0
0.413828 0
0.412551 0
0.410917 0
0.40931 0
0.407553 0
0.406495 0
0.405041 0
0.403405 0
0.401467 0
0.399514 0
0.397575 0
0.3958 0
0.393721 0
0.392671 0
0.391028 0
0.387507 0
0.385158 0
0.383255 0
0.380899 0
0.377672 0
0.376368 0
0.374167 0
0.371446 0
0.369984 0
0.368164 0
0.365793 0
0.362698 0
0.36092 0
0.357953 0
0.355626 0
0.353809 0
0.351008 0
0.349684 0
0.34791 0
0.345841 0
0.343498 0
0.341322 0
0.339746 0
0.337206 0
0.335157 0
0.333097 0
0.330611 0
0.327872 0
0.325019 0
0.323391 0
0.321263 0
0.318438 0
0.313465 0
0.311366 0
0.309146 0
0.306017 0
0.303645 0
0.301719 0
0.29857 0
0.294627 0
0.292269 0
0.287967 0
0.284842 0
0.280957 0
0.279503 0
0.276047 0
0.272918 0
0.26966 0
0.266848 0
0.26266 0
0.258682 0
0.256882 0
0.253302 0
0.250116 0
0.246011 0
0.242581 0
0.239942 0
0.237246 0
0.234427 0
0.231583 0
0.228963 0
0.223285 0
0.220077 0
0.215976 0
0.212828 0
0.208657 0
0.205645 0
0.200708 0
0.198074 0
0.195723 0
0.191109 0
0.186664 0
0.183393 0
0.179651 0
0.177086 0
0.17365 0
0.1693 0
0.164824 0
0.162586 0
0.159303 0
0.156343 0
0.153635 0
0.149643 0
0.146536 0
0.143899 0
0.140313 0
0.136414 0
0.133176 0
0.12928 0
0.127314 0
0.123725 0
0.12104 0
0.117572 0
0.115617 0
0.112781 0
0.110719 0
0.109004 0
0.105009 0
0.101858 0
0.0993035 0
0.0957453 0
0.0928447 0
0.0902044 0
0.0865918 0
0.0829096 0
0.0799501 0
0.0772355 0
0.0742747 0
0.070707 0
0.0679148 0
0.0652529 0
0.0614826 0
0.0579826 0
0.0560964 0
0.0535591 0
0.0510521 0
0.0483834 0
0.0468826 0
0.0440192 0
0.0422129 0
0.0408478 0
0.0379055 0
0.035801 0
0.034326 0
0.0325413 0
0.03131 0
0.0299905 0
0.0280321 0
0.0268304 0
0.0262575 0
0.0249012 0
0.0234068 0
0.0214836 0
0.0204178 0
0.0193797 0
0.0178962 0
0.0168469 0
0.0155153 0
0.0150712 0
0.0146322 0
0.0139007 0
0.0122592 0
0.0115278 0
0.0105921 0
0.009691 0
0.0090894 0
0.0086298 0
0.00741855 0
0.00680576 0
0.00650887 0
0.00562717 0
0.00501429 0
0.00411173 0
0.00364883 0
0.003355 0
0.00319592 0
0.00304746 0
0.00274025 0
0.00243629 0
0.0018125 0
0.00164057 0
0.00134627 0
0.00104386 0
0.000892674 0
0.000757049 0
0.000601671 0
0.000298382 0
0.000153995 0
0 0
