0.959196 845 0.650089
0.959196 844 0.650921
0.959196 843 0.651042
0.959196 842 0.65132
0.959196 841 0.652103
0.959196 840 0.652459
0.959196 839 0.65418
0.959196 838 0.655345
0.959196 837 0.655448
0.959196 836 0.655758
0.959196 835 0.657345
0.959196 834 0.657861
0.959196 833 0.658328
0.959196 832 0.658978
0.959002 832 0.659217
0.959002 831 0.659256
0.959002 830 0.659527
0.959002 829 0.660275
0.959002 828 0.662302
0.959002 827 0.663574
0.959002 826 0.663959
0.959002 825 0.665933
0.959002 824 0.667021
0.959002 823 0.668005
0.959002 822 0.668203
0.959002 821 0.66848
0.959002 820 0.668528
0.959002 819 0.668579
0.959002 818 0.668761
0.959002 817 0.669357
0.959002 816 0.669531
0.959002 815 0.669957
0.959002 814 0.67079
0.959002 813 0.671226
0.959002 812 0.671284
0.959002 811 0.671929
0.959002 810 0.672298
0.959002 809 0.674003
0.959002 808 0.675118
0.959002 807 0.675791
0.959002 806 0.676628
0.959002 805 0.676772
0.959002 804 0.677437
0.959002 803 0.678472
0.959002 802 0.67947
0.959002 801 0.680025
0.959002 800 0.680383
0.959002 799 0.680679
0.959002 798 0.680836
0.959002 797 0.682403
0.958809 797 0.683076
0.958809 796 0.68369
0.958809 795 0.684264
0.958809 794 0.684664
0.958809 793 0.685045
0.958809 792 0.685647
0.958809 791 0.686636
0.958809 790 0.68676
0.958809 789 0.686951
0.958809 788 0.686998
0.958809 787 0.687292
0.958809 786 0.687298
0.958809 785 0.687335
0.958809 784 0.687837
0.958809 783 0.687854
0.958809 782 0.68807
0.958809 781 0.688275
0.958809 780 0.688371
0.958809 779 0.690024
0.958809 778 0.690725
0.958809 777 0.690781
0.958615 777 0.693824
0.958615 776 0.696914
0.958615 775 0.696972
0.958615 774 0.698618
0.958615 773 0.698742
0.958615 772 0.699555
0.958615 771 0.700141
0.958615 770 0.701054
0.958615 769 0.701264
0.958615 768 0.701492
0.958615 767 0.702165
0.958615 766 0.702937
0.958615 765 0.703495
0.958615 764 0.706491
0.958615 763 0.706668
0.958615 762 0.708248
0.958615 761 0.708326
0.958615 760 0.708538
0.958615 759 0.709099
0.958615 758 0.710155
0.958615 757 0.710734
0.958615 756 0.711476
0.958615 755 0.711808
0.958615 754 0.712836
0.958615 753 0.71291
0.958615 752 0.71296
0.958615 751 0.713522
0.958615 750 0.714546
0.958615 749 0.714669
0.958615 748 0.716077
0.958615 747 0.71751
0.958615 746 0.717728
0.958615 745 0.722993
0.958615 744 0.724388
0.958615 743 0.724754
0.958615 742 0.724851
0.958615 741 0.725272
0.958615 740 0.725571
0.958615 739 0.726937
0.958615 738 0.727344
0.958615 737 0.727755
0.958615 736 0.728706
0.958615 735 0.730676
0.958615 734 0.731473
0.958615 733 0.732131
0.958615 732 0.7327
0.958615 731 0.732976
0.958615 730 0.733028
0.958615 729 0.733944
0.958615 728 0.73512
0.958615 727 0.735465
0.958615 726 0.736284
0.958615 725 0.736639
0.958615 724 0.737554
0.958615 723 0.737749
0.958615 722 0.738849
0.958615 721 0.739796
0.958422 721 0.741169
0.958422 720 0.741584
0.958422 719 0.742409
0.958422 718 0.742584
0.958422 717 0.742846
0.958229 717 0.74415
0.958229 716 0.745282
0.958229 715 0.745292
0.958229 714 0.745307
0.958229 713 0.747441
0.958229 712 0.747505
0.958229 711 0.748048
0.958229 710 0.749615
0.958229 709 0.750665
0.958229 708 0.751698
0.958229 707 0.752644
0.958229 706 0.752661
0.958035 706 0.75387
0.958035 705 0.755148
0.958035 704 0.756671
0.958035 703 0.756674
0.958035 702 0.757899
0.958035 701 0.758056
0.958035 700 0.758754
0.958035 699 0.758873
0.958035 698 0.760367
0.958035 697 0.760573
0.958035 696 0.761068
0.958035 695 0.762007
0.958035 694 0.763793
0.958035 693 0.764388
0.958035 692 0.764473
0.958035 691 0.764759
0.958035 690 0.765181
0.958035 689 0.766241
0.958035 688 0.768174
0.958035 687 0.768589
0.958035 686 0.769331
0.958035 685 0.770232
0.957842 685 0.770557
0.957842 684 0.77155
0.957842 683 0.77307
0.957842 682 0.773197
0.957842 681 0.773642
0.957842 680 0.774787
0.957842 679 0.775426
0.957842 678 0.775591
0.957842 677 0.775605
0.957842 676 0.775633
0.957842 675 0.775973
0.957842 674 0.776046
0.957842 673 0.776055
0.957842 672 0.777461
0.957842 671 0.777724
0.957842 670 0.778584
0.957842 669 0.77863
0.957842 668 0.779554
0.957842 667 0.77975
0.957842 666 0.781854
0.957842 665 0.782343
0.957842 664 0.782568
0.957842 663 0.784917
0.957842 662 0.784976
0.957842 661 0.785006
0.957842 660 0.785364
0.957842 659 0.785884
0.957842 658 0.788791
0.957842 657 0.790027
0.957842 656 0.790254
0.957842 655 0.790611
0.957842 654 0.793587
0.957842 653 0.795431
0.957842 652 0.795596
0.957842 651 0.795623
0.957842 650 0.796357
0.957842 649 0.796911
0.957842 648 0.797377
0.957842 647 0.797389
0.957842 646 0.797717
0.957842 645 0.798527
0.957842 644 0.80033
0.957842 643 0.800403
0.957842 642 0.800659
0.957842 641 0.801552
0.957842 640 0.80196
0.957842 639 0.803032
0.957842 638 0.803191
0.957842 637 0.80391
0.957648 637 0.80436
0.957648 636 0.805599
0.957648 635 0.805678
0.957648 634 0.8062
0.957455 634 0.806644
0.957455 633 0.807158
0.957455 632 0.80768
0.957455 631 0.80793
0.957455 630 0.808078
0.957262 630 0.808712
0.957262 629 0.808896
0.957262 628 0.809541
0.957262 627 0.809598
0.957068 627 0.810528
0.957068 626 0.81071
0.956875 626 0.810911
0.956875 625 0.811265
0.956875 624 0.811745
0.956681 624 0.811868
0.956681 623 0.813614
0.956681 622 0.813643
0.956681 621 0.813788
0.956681 620 0.813879
0.956681 619 0.814481
0.956681 618 0.814538
0.956488 618 0.814676
0.956488 617 0.815652
0.956488 616 0.816251
0.956488 615 0.816592
0.956295 615 0.816924
0.956295 614 0.817703
0.956295 613 0.818101
0.956295 612 0.819198
0.956101 612 0.822882
0.956101 611 0.823961
0.956101 610 0.824924
0.956101 609 0.826007
0.956101 608 0.82646
0.956101 607 0.82647
0.956101 606 0.82655
0.956101 605 0.828839
0.956101 604 0.828924
0.956101 603 0.829245
0.956101 602 0.829297
0.956101 601 0.829844
0.956101 600 0.829999
0.955908 600 0.830281
0.955908 599 0.830811
0.955908 598 0.83091
0.955908 597 0.831717
0.955908 596 0.831923
0.955908 595 0.832279
0.955908 594 0.833036
0.955908 593 0.833107
0.955908 592 0.834777
0.955908 591 0.834898
0.955908 590 0.835598
0.955908 589 0.83623
0.955715 589 0.836258
0.955715 588 0.836948
0.955715 587 0.837108
0.955715 586 0.837148
0.955715 585 0.83895
0.955715 584 0.839125
0.955715 583 0.839613
0.955715 582 0.839638
0.955715 581 0.83989
0.955715 580 0.840265
0.955521 580 0.840684
0.955521 579 0.840802
0.955328 579 0.840875
0.955328 578 0.841818
0.955328 577 0.843157
0.955328 576 0.843463
0.955328 575 0.843829
0.955328 574 0.84421
0.955328 573 0.844998
0.955328 572 0.846534
0.955134 572 0.846574
0.955134 571 0.846945
0.955134 570 0.847325
0.955134 569 0.847866
0.955134 568 0.848521
0.955134 567 0.848967
0.954941 567 0.849257
0.954941 566 0.849704
0.954941 565 0.850097
0.954941 564 0.850234
0.954941 563 0.85141
0.954941 562 0.852398
0.954941 561 0.852498
0.954941 560 0.852737
0.954941 559 0.853002
0.954941 558 0.853282
0.954941 557 0.853707
0.954941 556 0.853871
0.954941 555 0.854341
0.954941 554 0.855178
0.954748 554 0.855615
0.954748 553 0.856148
0.954748 552 0.856897
0.954748 551 0.858907
0.954748 550 0.859253
0.954748 549 0.859265
0.954748 548 0.85975
0.954748 547 0.859774
0.954748 546 0.861807
0.954554 546 0.861869
0.954554 545 0.862625
0.954361 545 0.862705
0.954361 544 0.863523
0.954361 543 0.864597
0.954361 542 0.864719
0.954361 541 0.865146
0.954361 540 0.866038
0.954361 539 0.867502
0.954361 538 0.867545
0.954361 537 0.867605
0.954361 536 0.869199
0.954167 536 0.86952
0.954167 535 0.870484
0.954167 534 0.87061
0.954167 533 0.870858
0.954167 532 0.871061
0.954167 531 0.87135
0.954167 530 0.871389
0.954167 529 0.871903
0.954167 528 0.872067
0.954167 527 0.872097
0.953974 527 0.872511
0.953974 526 0.873573
0.953974 525 0.874817
0.953974 524 0.87521
0.953974 523 0.87524
0.953781 523 0.875252
0.953781 522 0.875995
0.953781 521 0.877078
0.953781 520 0.877223
0.953781 519 0.877725
0.953781 518 0.877948
0.953781 517 0.878501
0.953781 516 0.879231
0.953781 515 0.879437
0.953781 514 0.880806
0.953781 513 0.881134
0.953781 512 0.881541
0.953781 511 0.881621
0.953587 511 0.881961
0.953587 510 0.882527
0.953587 509 0.882902
0.953587 508 0.883318
0.953394 508 0.883374
0.953394 507 0.884166
0.953394 506 0.884391
0.953394 505 0.884812
0.953394 504 0.884927
0.953394 503 0.885249
0.953394 502 0.886014
0.953394 501 0.887211
0.953394 500 0.888276
0.953394 499 0.888287
0.953394 498 0.888796
0.953394 497 0.889233
0.953394 496 0.889819
0.953394 495 0.890505
0.953201 495 0.891545
0.953201 494 0.891687
0.953007 494 0.893253
0.953007 493 0.893438
0.953007 492 0.893445
0.953007 491 0.893539
0.953007 490 0.893856
0.953007 489 0.893892
0.953007 488 0.894506
0.953007 487 0.895817
0.953007 486 0.896286
0.953007 485 0.896389
0.952814 485 0.897214
0.952814 484 0.897342
0.952814 483 0.897501
0.952814 482 0.897552
0.952814 481 0.89774
0.952814 480 0.897743
0.952814 479 0.898182
0.952814 478 0.898888
0.952814 477 0.899134
0.95262 477 0.899615
0.952427 477 0.900333
0.952234 477 0.900525
0.952234 476 0.900617
0.952234 475 0.901114
0.952234 474 0.90138
0.95204 474 0.902684
0.95204 473 0.902903
0.95204 472 0.902984
0.95204 471 0.903059
0.95204 470 0.904304
0.95204 469 0.904759
0.95204 468 0.905079
0.951847 468 0.905143
0.951847 467 0.905833
0.951847 466 0.906523
0.951847 465 0.906536
0.951847 464 0.906789
0.951847 463 0.906841
0.951847 462 0.90772
0.951653 462 0.908433
0.951653 461 0.90856
0.951653 460 0.908829
0.951653 459 0.909064
0.95146 459 0.909638
0.951267 459 0.910605
0.951073 459 0.910992
0.951073 458 0.911144
0.951073 457 0.911665
0.951073 456 0.911716
0.95088 456 0.911789
0.95088 455 0.911945
0.95088 454 0.912462
0.95088 453 0.913576
0.95088 452 0.913678
0.95088 451 0.914285
0.95088 450 0.914378
0.95088 449 0.914429
0.95088 448 0.914523
0.95088 447 0.914894
0.95088 446 0.915059
0.950687 446 0.915626
0.950687 445 0.915806
0.950687 444 0.916189
0.950687 443 0.916259
0.950687 442 0.91693
0.950687 441 0.917142
0.950687 440 0.917385
0.950687 439 0.917562
0.950687 438 0.917799
0.950687 437 0.918147
0.950687 436 0.918502
0.950687 435 0.91924
0.950687 434 0.919594
0.950687 433 0.919615
0.950687 432 0.919624
0.950687 431 0.920488
0.950493 431 0.920693
0.950493 430 0.92095
0.950493 429 0.921169
0.950493 428 0.921226
0.950493 427 0.921551
0.9503 427 0.921651
0.9503 426 0.922045
0.9503 425 0.922188
0.950106 425 0.922585
0.949913 425 0.922892
0.949913 424 0.922974
0.949913 423 0.922983
0.949913 422 0.923015
0.949913 421 0.923074
0.94972 421 0.923592
0.94972 420 0.92378
0.94972 419 0.923959
0.94972 418 0.924088
0.94972 417 0.924095
0.94972 416 0.924496
0.94972 415 0.924541
0.94972 414 0.924733
0.94972 413 0.925388
0.94972 412 0.925927
0.949526 412 0.925995
0.949333 412 0.926379
0.949333 411 0.926471
0.949333 410 0.926856
0.949139 410 0.927078
0.949139 409 0.927139
0.949139 408 0.927831
0.949139 407 0.927879
0.949139 406 0.928113
0.949139 405 0.928288
0.949139 404 0.928371
0.949139 403 0.928593
0.949139 402 0.928878
0.949139 401 0.929011
0.948946 401 0.929223
0.948946 400 0.929405
0.948946 399 0.929566
0.948946 398 0.929639
0.948946 397 0.929717
0.948753 397 0.929977
0.948753 396 0.930001
0.948559 396 0.930824
0.948366 396 0.930908
0.948366 395 0.931007
0.948366 394 0.931174
0.948366 393 0.931756
0.948366 392 0.931901
0.948173 392 0.932179
0.947979 392 0.93228
0.947979 391 0.933188
0.947979 390 0.933337
0.947979 389 0.933412
0.947979 388 0.933465
0.947979 387 0.933614
0.947979 386 0.933918
0.947979 385 0.933948
0.947979 384 0.934187
0.947979 383 0.934904
0.947979 382 0.935035
0.947979 381 0.935258
0.947786 381 0.935852
0.947786 380 0.936073
0.947786 379 0.936617
0.947786 377 0.936718
0.947786 376 0.938027
0.947786 375 0.938052
0.947592 375 0.938529
0.947592 374 0.939203
0.947592 373 0.939709
0.947399 373 0.939866
0.947399 372 0.940133
0.947399 371 0.940637
0.947206 371 0.94098
0.947206 370 0.941197
0.947206 369 0.941313
0.947206 368 0.94151
0.947206 367 0.942272
0.947206 366 0.942467
0.947206 365 0.943592
0.947206 364 0.943614
0.947012 364 0.94369
0.947012 363 0.943793
0.947012 362 0.944151
0.947012 361 0.944215
0.947012 360 0.94424
0.947012 359 0.944443
0.947012 358 0.944909
0.947012 357 0.94516
0.947012 356 0.945377
0.947012 355 0.94588
0.947012 354 0.945884
0.946819 354 0.94609
0.946625 354 0.946152
0.946432 354 0.946171
0.946239 354 0.946234
0.946239 353 0.946696
0.946045 353 0.946961
0.946045 352 0.947018
0.946045 351 0.947653
0.946045 350 0.947912
0.945852 350 0.948048
0.945852 349 0.948263
0.945658 349 0.948741
0.945658 348 0.948893
0.945465 348 0.949279
0.945465 347 0.949332
0.945465 346 0.949575
0.945465 345 0.949779
0.945465 344 0.949938
0.945272 344 0.950453
0.945078 344 0.950484
0.945078 343 0.951092
0.945078 342 0.951218
0.945078 341 0.951504
0.944885 341 0.951547
0.944885 340 0.951633
0.944885 339 0.951853
0.944885 338 0.951978
0.944692 338 0.952746
0.944498 338 0.952791
0.944305 338 0.95288
0.944305 337 0.953642
0.944305 336 0.95418
0.944305 335 0.954385
0.944305 334 0.954811
0.944111 334 0.954892
0.944111 333 0.955088
0.943918 333 0.955106
0.943725 333 0.955125
0.943725 332 0.955296
0.943725 331 0.955386
0.943725 330 0.955747
0.943725 329 0.955749
0.943725 328 0.955893
0.943725 327 0.956015
0.943725 326 0.956167
0.943725 325 0.956176
0.943725 324 0.956207
0.943531 324 0.9563
0.943531 323 0.956344
0.943338 323 0.956419
0.943144 323 0.956514
0.943144 322 0.956559
0.942951 322 0.956621
0.942951 321 0.957508
0.942951 320 0.957511
0.942758 320 0.957673
0.942758 319 0.958103
0.942564 319 0.958256
0.942371 319 0.958324
0.942371 318 0.958761
0.942371 317 0.958776
0.942178 317 0.958889
0.941984 317 0.959178
0.941984 316 0.959421
0.941791 316 0.959496
0.941597 316 0.959669
0.941404 316 0.959735
0.941404 315 0.960288
0.941211 315 0.960481
0.941211 314 0.960528
0.941211 313 0.960618
0.941211 312 0.96096
0.941211 311 0.961198
0.941017 311 0.961309
0.941017 310 0.961402
0.940824 310 0.96145
0.94063 310 0.961597
0.94063 309 0.961625
0.94063 308 0.961821
0.940437 308 0.962137
0.940437 307 0.962622
0.940437 306 0.96265
0.940244 306 0.963343
0.940244 305 0.963344
0.94005 305 0.963387
0.94005 304 0.963427
0.94005 303 0.963594
0.939857 303 0.96363
0.939857 302 0.963738
0.939857 301 0.96382
0.939857 300 0.963945
0.939857 299 0.963958
0.939857 298 0.964283
0.939664 298 0.964316
0.93947 298 0.964539
0.93947 297 0.964595
0.93947 296 0.964619
0.93947 295 0.964655
0.93947 294 0.964721
0.939277 294 0.964755
0.939083 294 0.964759
0.939083 293 0.964767
0.939083 292 0.964979
0.93889 292 0.965135
0.93889 291 0.965375
0.93889 290 0.965397
0.93889 289 0.965537
0.93889 288 0.965571
0.93889 287 0.965646
0.93889 286 0.966043
0.938697 286 0.966126
0.938697 285 0.966276
0.938503 285 0.96676
0.938503 284 0.966885
0.938503 283 0.967047
0.938503 282 0.96706
0.93831 282 0.967154
0.93831 281 0.967606
0.93831 280 0.967738
0.93831 279 0.967873
0.93831 278 0.968102
0.938116 278 0.968349
0.937923 278 0.968488
0.93773 278 0.968631
0.937536 278 0.968848
0.937536 277 0.96895
0.937343 277 0.96903
0.937343 276 0.969081
0.937149 276 0.969123
0.937149 275 0.969305
0.937149 274 0.969327
0.937149 273 0.969411
0.937149 272 0.969533
0.936956 272 0.969681
0.936763 272 0.97002
0.936763 271 0.97007
0.936763 270 0.970114
0.936569 270 0.970236
0.936376 270 0.970257
0.936376 269 0.970294
0.936183 269 0.970313
0.936183 268 0.970495
0.936183 267 0.970601
0.936183 266 0.971011
0.935989 266 0.971168
0.935796 266 0.971282
0.935602 266 0.971427
0.935602 265 0.9715
0.935602 264 0.971542
0.935602 263 0.971575
0.935409 263 0.97159
0.935216 263 0.971637
0.935022 263 0.971844
0.935022 262 0.971877
0.934829 262 0.97188
0.934829 261 0.972032
0.934829 260 0.972221
0.934635 260 0.972278
0.934635 259 0.972289
0.934635 258 0.972391
0.934635 257 0.972405
0.934635 256 0.972525
0.934442 256 0.972526
0.934442 255 0.972585
0.934249 255 0.97273
0.934055 255 0.973006
0.934055 254 0.973092
0.933862 254 0.973174
0.933862 252 0.973241
0.933862 251 0.973429
0.933669 251 0.973434
0.933669 250 0.973442
0.933669 249 0.973715
0.933669 248 0.97397
0.933669 247 0.974106
0.933669 246 0.97416
0.933475 246 0.974211
0.933282 246 0.9745
0.933282 245 0.974621
0.933282 244 0.974638
0.933282 243 0.974955
0.933282 242 0.974976
0.933282 241 0.975062
0.933088 241 0.9751
0.932895 241 0.975212
0.932702 241 0.975371
0.932508 241 0.975576
0.932508 240 0.97576
0.932508 239 0.976434
0.932508 238 0.976455
0.932315 238 0.97669
0.932121 238 0.976832
0.931928 238 0.976929
0.931735 238 0.977177
0.931541 238 0.977222
0.931541 237 0.977451
0.931541 236 0.977534
0.931541 235 0.977713
0.931348 235 0.977897
0.931155 235 0.977969
0.930961 235 0.978017
0.930768 235 0.978145
0.930574 235 0.978183
0.930381 235 0.97835
0.930188 235 0.978379
0.930188 234 0.978413
0.929994 234 0.978458
0.929801 234 0.978513
0.929801 233 0.978611
0.929607 233 0.978754
0.929414 233 0.978822
0.929221 233 0.978835
0.929221 232 0.978851
0.929027 232 0.979475
0.928834 232 0.979524
0.92864 232 0.979556
0.928447 232 0.979595
0.928254 232 0.979693
0.92806 231 0.979787
0.92806 230 0.979895
0.927867 230 0.979932
0.927867 229 0.980143
0.927674 229 0.98022
0.92748 229 0.980541
0.92748 228 0.980587
0.927287 228 0.980604
0.927287 226 0.980608
0.927093 226 0.980682
0.927093 225 0.980785
0.9269 225 0.980879
0.926707 225 0.980956
0.926707 224 0.981017
0.926513 224 0.981126
0.92632 224 0.981212
0.926126 224 0.981337
0.926126 223 0.981468
0.926126 222 0.981485
0.926126 221 0.981555
0.926126 220 0.981662
0.926126 219 0.981665
0.925933 219 0.981767
0.925933 218 0.981774
0.92574 218 0.981815
0.925546 218 0.981962
0.925353 218 0.982007
0.92516 218 0.982034
0.92516 217 0.982037
0.92516 216 0.982067
0.92516 215 0.982076
0.92516 214 0.982207
0.92516 213 0.982248
0.92516 212 0.982336
0.924966 212 0.982523
0.924966 211 0.982604
0.924966 210 0.982668
0.924966 209 0.982702
0.924966 208 0.982708
0.924966 207 0.982741
0.924966 206 0.982742
0.924773 206 0.982782
0.924773 205 0.982794
0.924579 205 0.982829
0.924579 204 0.982948
0.924579 203 0.982966
0.924386 203 0.98304
0.924193 203 0.98307
0.924193 202 0.98309
0.923999 202 0.983242
0.923806 202 0.98329
0.923612 202 0.983339
0.923612 201 0.983512
0.923612 200 0.983546
0.923419 200 0.983631
0.923226 200 0.983814
0.923032 200 0.983832
0.923032 199 0.983835
0.923032 198 0.983842
0.923032 197 0.983963
0.923032 196 0.984
0.923032 195 0.984009
0.922839 195 0.984133
0.922839 194 0.98416
0.922839 193 0.984302
0.922646 193 0.984395
0.922646 192 0.984437
0.922646 191 0.984518
0.922646 190 0.984583
0.922646 189 0.984729
0.922452 189 0.984731
0.922452 188 0.984817
0.922452 187 0.984824
0.922259 187 0.984836
0.922259 186 0.984896
0.922259 185 0.984923
0.922259 184 0.984948
0.922065 184 0.984968
0.921872 184 0.985054
0.921679 184 0.985146
0.921679 183 0.985159
0.921485 183 0.985203
0.921292 183 0.985248
0.921292 182 0.985305
0.921292 181 0.985583
0.921292 180 0.985797
0.921292 179 0.985851
0.921292 178 0.986006
0.921098 178 0.986073
0.921098 177 0.986093
0.920905 177 0.986147
0.920712 177 0.986239
0.920325 177 0.986681
0.920325 176 0.986784
0.920325 175 0.986984
0.920325 174 0.987035
0.920325 173 0.987123
0.920325 172 0.987224
0.920132 172 0.987239
0.919938 172 0.987316
0.919745 172 0.987375
0.919745 171 0.98743
0.919551 171 0.987436
0.919358 171 0.98746
0.919358 170 0.987595
0.919358 169 0.987666
0.919358 168 0.987668
0.919165 168 0.987708
0.919165 167 0.987745
0.919165 166 0.987805
0.918971 166 0.987824
0.918778 166 0.987832
0.918778 165 0.98787
0.918584 165 0.987898
0.918391 165 0.988
0.918198 165 0.988219
0.918198 164 0.988255
0.918004 164 0.988364
0.917811 164 0.988389
0.917617 164 0.988515
0.917617 163 0.988529
0.917424 163 0.988543
0.917231 163 0.988555
0.917231 162 0.988633
0.917037 162 0.988682
0.917037 161 0.988692
0.916844 161 0.988714
0.916844 160 0.98875
0.916651 160 0.988815
0.916651 159 0.988887
0.916457 159 0.988931
0.916264 159 0.988945
0.916264 158 0.988956
0.916264 157 0.988997
0.916264 156 0.98909
0.91607 156 0.9891
0.91607 155 0.989116
0.915877 155 0.989276
0.915684 155 0.989322
0.91549 155 0.989378
0.91549 154 0.989398
0.915297 154 0.989542
0.915103 154 0.989594
0.91491 154 0.989693
0.91491 153 0.989724
0.914717 153 0.989764
0.914523 153 0.989841
0.91433 153 0.989851
0.914137 153 0.98995
0.914137 152 0.989958
0.914137 151 0.989995
0.913943 150 0.990014
0.91375 150 0.990048
0.913556 150 0.990072
0.913556 149 0.990077
0.913363 149 0.990092
0.913363 148 0.99021
0.91317 148 0.990238
0.912976 148 0.990244
0.912783 148 0.990285
0.912783 147 0.990486
0.912783 146 0.990528
0.912783 145 0.990564
0.912589 145 0.990566
0.912396 145 0.990568
0.912396 144 0.990571
0.912203 144 0.990614
0.912009 144 0.990675
0.912009 143 0.990693
0.912009 142 0.990725
0.912009 141 0.990908
0.911816 141 0.99091
0.911623 141 0.990919
0.911429 141 0.991001
0.911429 140 0.991018
0.911236 140 0.991084
0.911042 140 0.991161
0.911042 139 0.991182
0.911042 138 0.991278
0.910849 138 0.991309
0.910656 138 0.991314
0.910462 138 0.99136
0.910462 137 0.991376
0.910462 136 0.991412
0.910269 136 0.991492
0.910075 136 0.991578
0.910075 135 0.991752
0.909882 135 0.99188
0.909689 135 0.991885
0.909689 134 0.991911
0.909689 133 0.991946
0.909495 133 0.991949
0.909302 133 0.991961
0.909302 132 0.992
0.909108 132 0.992029
0.909108 131 0.992064
0.909108 130 0.992109
0.909108 129 0.992125
0.908915 129 0.992151
0.908722 129 0.992163
0.908528 129 0.99223
0.908528 128 0.992243
0.908528 127 0.992316
0.908335 127 0.992378
0.908142 127 0.9924
0.907948 127 0.992404
0.907755 127 0.992467
0.907561 127 0.992468
0.907561 126 0.99247
0.907368 126 0.992478
0.907175 126 0.992638
0.906981 126 0.992678
0.906788 126 0.992705
0.906788 125 0.992742
0.906788 124 0.992883
0.906788 123 0.992944
0.906594 123 0.992986
0.906401 123 0.993035
0.906208 123 0.99305
0.906208 122 0.9931
0.906014 122 0.993138
0.906014 121 0.993173
0.906014 120 0.993227
0.906014 119 0.993228
0.905821 119 0.993251
0.905821 118 0.993259
0.905821 117 0.99329
0.905628 117 0.993316
0.905434 117 0.99334
0.905241 117 0.993359
0.905241 116 0.993363
0.905241 115 0.993377
0.905047 115 0.993433
0.904854 115 0.993443
0.904661 115 0.993488
0.904467 115 0.9935
0.904274 115 0.993514
0.904274 114 0.993518
0.90408 114 0.993539
0.90408 113 0.993542
0.90408 112 0.993647
0.90408 111 0.993695
0.903887 111 0.993735
0.9035 111 0.993867
0.903307 111 0.9939
0.903114 111 0.993901
0.903114 110 0.99391
0.903114 109 0.993928
0.90292 109 0.99393
0.90292 108 0.99398
0.902727 108 0.993995
0.902727 107 0.993996
0.902727 106 0.994041
0.902533 106 0.994065
0.90234 106 0.994073
0.902147 106 0.994099
0.902147 105 0.994105
0.901953 105 0.994126
0.90176 105 0.994201
0.901566 105 0.994217
0.901566 104 0.994277
0.901373 104 0.994299
0.90118 104 0.994312
0.900986 104 0.994325
0.900793 104 0.994343
0.900599 104 0.994354
0.900213 104 0.994357
0.900019 104 0.994358
0.900019 103 0.994359
0.899826 103 0.994398
0.899633 103 0.994399
0.899439 103 0.994412
0.899439 102 0.99442
0.899246 102 0.994435
0.899246 101 0.994448
0.899052 101 0.994455
0.899052 100 0.994468
0.898859 100 0.994475
0.898666 100 0.994477
0.898472 100 0.994484
0.898472 99 0.994537
0.898472 98 0.994538
0.898279 98 0.994555
0.898279 97 0.99457
0.898085 97 0.994575
0.898085 96 0.994624
0.898085 95 0.994628
0.897892 95 0.994656
0.897699 95 0.994664
0.897505 95 0.994698
0.897505 94 0.994728
0.897312 94 0.994769
0.897312 93 0.994772
0.897119 93 0.994776
0.896925 93 0.994779
0.896732 93 0.994788
0.896732 92 0.994793
0.896538 92 0.994839
0.896345 92 0.994882
0.896345 91 0.994887
0.896152 91 0.994914
0.895958 91 0.994934
0.895765 91 0.994986
0.895765 90 0.994988
0.895571 90 0.995093
0.895378 90 0.995182
0.895378 89 0.995186
0.895378 88 0.995216
0.895185 88 0.995231
0.894991 88 0.995236
0.894991 87 0.995239
0.894798 87 0.995253
0.894798 86 0.995263
0.894605 86 0.995269
0.894411 86 0.99527
0.894411 85 0.995271
0.894218 85 0.995305
0.894024 85 0.995322
0.893831 85 0.995369
0.893638 85 0.995375
0.893444 85 0.995427
0.893251 85 0.995459
0.893251 84 0.995465
0.893057 83 0.995478
0.892864 83 0.995493
0.892671 83 0.995532
0.892477 83 0.995578
0.892284 83 0.995584
0.892091 83 0.995602
0.892091 82 0.995628
0.891897 82 0.995652
0.891897 81 0.995687
0.891897 80 0.9957
0.891897 79 0.995723
0.891704 79 0.995739
0.891704 78 0.995779
0.89151 78 0.995785
0.891317 78 0.995789
0.891124 78 0.995794
0.891124 77 0.995796
0.89093 77 0.995805
0.890737 77 0.995809
0.89035 77 0.995811
0.890157 77 0.995875
0.889963 77 0.995901
0.88977 77 0.995911
0.889576 77 0.995933
0.889383 77 0.995934
0.88919 77 0.995946
0.888996 77 0.995967
0.888996 76 0.99597
0.888803 76 0.995972
0.88861 76 0.99599
0.88861 75 0.996006
0.888416 75 0.996011
0.888223 75 0.996017
0.888029 75 0.996081
0.887836 75 0.996117
0.887643 75 0.996118
0.887449 75 0.996125
0.887256 75 0.996134
0.887062 75 0.996136
0.886869 75 0.996151
0.886482 75 0.996153
0.886482 74 0.996163
0.886289 74 0.996198
0.886096 74 0.996218
0.885902 74 0.996228
0.885709 74 0.996229
0.885515 74 0.996245
0.885322 74 0.996256
0.885129 74 0.996288
0.884935 74 0.996293
0.884742 74 0.996298
0.884548 74 0.996303
0.884355 74 0.996316
0.884162 74 0.996338
0.883968 74 0.996341
0.883775 74 0.99635
0.883582 74 0.996359
0.883388 74 0.996364
0.883195 74 0.996379
0.883195 73 0.996393
0.883001 73 0.996419
0.882808 73 0.996437
0.882615 73 0.996452
0.882421 73 0.996455
0.882228 73 0.996468
0.882034 73 0.996479
0.882034 72 0.996482
0.881841 72 0.996487
0.881648 72 0.996532
0.881454 72 0.996551
0.881261 72 0.996578
0.881261 71 0.996593
0.881067 71 0.996594
0.880874 71 0.99662
0.880681 71 0.99664
0.880487 71 0.996664
0.880487 70 0.996674
0.880294 70 0.996681
0.880101 70 0.99669
0.879907 70 0.996698
0.879714 70 0.996753
0.879714 69 0.996758
0.87952 69 0.99676
0.879327 69 0.996772
0.879134 69 0.996791
0.87894 69 0.996807
0.878747 69 0.996813
0.878553 69 0.996828
0.87836 69 0.996841
0.878167 69 0.996845
0.877973 69 0.996848
0.877973 68 0.996851
0.877973 67 0.996871
0.87778 66 0.996876
0.87778 64 0.996884
0.877587 64 0.996887
0.877393 64 0.9969
0.8772 64 0.996928
0.877006 64 0.99693
0.876813 64 0.996942
0.87662 64 0.996952
0.876426 64 0.99696
0.876426 63 0.996962
0.876233 63 0.996965
0.876039 63 0.996985
0.875846 63 0.996999
0.875653 63 0.997009
0.875459 63 0.997019
0.875459 62 0.99703
0.875266 62 0.997036
0.875073 62 0.997075
0.874879 62 0.997079
0.874686 62 0.997083
0.874299 62 0.997093
0.874106 62 0.997095
0.873525 62 0.997097
0.873332 62 0.997107
0.873139 62 0.997108
0.873139 61 0.997111
0.872945 61 0.997118
0.872752 61 0.997125
0.872558 61 0.997129
0.872558 60 0.997144
0.872365 60 0.997148
0.872172 60 0.997152
0.871978 60 0.99717
0.871785 60 0.997171
0.871785 59 0.997197
0.871592 59 0.997223
0.871398 59 0.997242
0.871205 59 0.997254
0.871011 59 0.997263
0.870818 59 0.997271
0.870625 59 0.997284
0.870431 59 0.997308
0.870238 59 0.997312
0.870044 59 0.997332
0.869851 59 0.997347
0.869851 58 0.997378
0.869658 58 0.99739
0.869464 58 0.997394
0.869271 58 0.997397
0.869078 58 0.997398
0.868691 58 0.99741
0.868497 58 0.997417
0.868304 58 0.99742
0.868111 58 0.997425
0.867917 58 0.997428
0.867724 58 0.997432
0.86753 58 0.997443
0.867337 58 0.997453
0.867144 57 0.997454
0.86695 57 0.997465
0.866757 57 0.997466
0.866757 56 0.997467
0.866564 56 0.997483
0.86637 56 0.997492
0.866177 56 0.997493
0.866177 55 0.997499
0.865983 55 0.997507
0.86579 55 0.997519
0.865597 55 0.99753
0.865403 55 0.997555
0.86521 55 0.99756
0.865016 55 0.997568
0.864823 55 0.997576
0.86463 55 0.997578
0.86463 54 0.997583
0.864243 54 0.997586
0.86405 54 0.997612
0.863856 54 0.997615
0.863663 54 0.99762
0.863469 54 0.997644
0.863276 54 0.997649
0.863083 54 0.99765
0.863083 53 0.997658
0.862889 53 0.997675
0.862696 53 0.997693
0.862502 53 0.997697
0.862309 53 0.997706
0.862116 53 0.997721
0.861922 53 0.997722
0.861729 53 0.997725
0.861535 53 0.997726
0.861149 53 0.997734
0.861149 52 0.997735
0.860955 52 0.997737
0.860762 52 0.997755
0.860569 52 0.997759
0.860375 52 0.997768
0.860182 52 0.997781
0.859988 51 0.997784
0.859795 51 0.997789
0.859602 51 0.99779
0.859408 51 0.997807
0.859215 51 0.997808
0.859021 51 0.997815
0.858828 51 0.997821
0.858635 51 0.99783
0.858441 51 0.99784
0.858248 51 0.997857
0.858248 50 0.997859
0.858055 50 0.99786
0.857861 50 0.997873
0.857668 50 0.997874
0.857474 49 0.997876
0.857474 48 0.99788
0.857281 48 0.997887
0.856894 48 0.997892
0.856894 47 0.99792
0.856701 47 0.997925
0.856507 47 0.997932
0.856507 46 0.997936
0.856314 46 0.99794
0.856121 46 0.997956
0.855927 46 0.997964
0.855541 46 0.997966
0.855347 46 0.997969
0.855154 46 0.997984
0.85496 46 0.997988
0.854767 46 0.99799
0.854767 45 0.997992
0.854574 45 0.997998
0.85438 45 0.997999
0.854187 45 0.998006
0.853993 45 0.998008
0.8538 45 0.998011
0.853607 45 0.998014
0.853607 44 0.998015
0.853413 44 0.998021
0.85322 44 0.998033
0.853026 44 0.998043
0.852833 44 0.998046
0.85264 44 0.998047
0.852446 44 0.998049
0.852253 44 0.998051
0.852253 43 0.998062
0.852253 42 0.998066
0.85206 42 0.998075
0.851866 42 0.998095
0.851673 42 0.998098
0.851673 41 0.998102
0.851673 40 0.998124
0.851479 40 0.99813
0.851286 40 0.998132
0.851286 39 0.998133
0.851093 39 0.998134
0.850899 39 0.99814
0.850706 39 0.998141
0.850512 39 0.998154
0.850512 38 0.998158
0.850512 37 0.998163
0.850319 37 0.998176
0.850126 37 0.998177
0.849932 37 0.998179
0.849739 37 0.998195
0.849546 37 0.99821
0.849352 37 0.998212
0.849159 37 0.998215
0.848965 36 0.998217
0.848965 35 0.998234
0.848772 35 0.998241
0.848579 35 0.998248
0.848385 35 0.998259
0.848192 34 0.998264
0.847998 34 0.998274
0.847805 34 0.998295
0.847612 34 0.99831
0.847418 34 0.998319
0.847225 34 0.998321
0.847032 34 0.998329
0.846838 34 0.998342
0.846645 34 0.998343
0.846451 34 0.998345
0.846258 34 0.998351
0.846065 34 0.998362
0.845871 34 0.998366
0.845678 34 0.998371
0.845484 34 0.998373
0.845291 34 0.998378
0.845098 34 0.998379
0.844711 34 0.998381
0.844711 33 0.998382
0.844518 33 0.998388
0.844324 33 0.998396
0.844131 33 0.998398
0.843937 33 0.998404
0.843744 33 0.998407
0.843551 33 0.998412
0.843164 33 0.998416
0.84297 33 0.998426
0.842777 32 0.998437
0.842584 32 0.99844
0.84239 32 0.998443
0.842197 32 0.998447
0.842003 32 0.998448
0.84181 32 0.998454
0.841617 32 0.998459
0.841617 31 0.998462
0.841423 31 0.998465
0.84123 31 0.998476
0.84123 30 0.99848
0.841037 30 0.998486
0.84065 30 0.998489
0.840456 30 0.99849
0.840263 30 0.998513
0.84007 30 0.998514
0.839876 30 0.998517
0.839683 30 0.998519
0.839489 30 0.99852
0.839489 29 0.998551
0.839296 29 0.998555
0.839103 29 0.998558
0.838909 29 0.998559
0.838909 28 0.998564
0.838716 28 0.998566
0.838329 28 0.998567
0.838329 26 0.998571
0.838136 26 0.998575
0.837942 26 0.998585
0.837749 26 0.998588
0.837556 26 0.99859
0.837362 26 0.998592
0.837169 26 0.998593
0.836975 26 0.998596
0.836782 26 0.9986
0.836589 26 0.998603
0.836395 26 0.998604
0.836202 26 0.998605
0.836009 26 0.99861
0.835815 26 0.998619
0.835622 26 0.998622
0.835428 26 0.998627
0.835235 26 0.998631
0.835042 26 0.998633
0.834848 26 0.998634
0.834655 26 0.998636
0.834461 26 0.998641
0.834461 25 0.998644
0.834268 25 0.998651
0.834075 25 0.998654
0.833881 25 0.998657
0.833688 25 0.998662
0.833494 25 0.998665
0.833301 25 0.99867
0.833301 24 0.998675
0.832914 24 0.998683
0.832721 24 0.998684
0.832528 24 0.998695
0.832334 24 0.998699
0.832141 24 0.998705
0.831947 24 0.998712
0.831754 24 0.998719
0.831561 24 0.99872
0.831174 24 0.998721
0.83098 24 0.998726
0.830594 24 0.998729
0.8304 24 0.998732
0.8304 23 0.998734
0.830207 23 0.998738
0.830014 23 0.99874
0.829627 23 0.998749
0.829627 22 0.998752
0.82924 22 0.998754
0.829047 22 0.998765
0.828853 22 0.998767
0.82866 22 0.998768
0.828466 22 0.998777
0.828273 22 0.998782
0.82808 22 0.998783
0.827886 22 0.998791
0.827693 22 0.998792
0.8275 22 0.9988
0.827306 22 0.998802
0.827113 22 0.998803
0.826919 22 0.998809
0.826533 22 0.998813
0.826339 22 0.998816
0.826146 22 0.998817
0.825952 22 0.99882
0.825759 22 0.998821
0.825566 22 0.998831
0.825372 22 0.998832
0.825179 22 0.998835
0.824792 22 0.998836
0.824792 21 0.998842
0.824599 21 0.998849
0.824405 21 0.998851
0.824212 21 0.998865
0.824019 21 0.998868
0.824019 20 0.998878
0.823825 20 0.998885
0.823632 20 0.998888
0.823438 20 0.998891
0.823245 20 0.998894
0.823052 20 0.998895
0.822858 20 0.998897
0.822665 20 0.998899
0.822278 20 0.9989
0.822085 20 0.998904
0.821891 20 0.998908
0.821698 20 0.998909
0.821505 20 0.998914
0.821118 20 0.99892
0.820924 20 0.998922
0.820731 20 0.998924
0.820538 20 0.998925
0.820344 20 0.998926
0.820151 20 0.998928
0.819957 20 0.998929
0.819764 20 0.998934
0.819377 20 0.998938
0.819184 20 0.99894
0.818991 20 0.998947
0.818797 20 0.998948
0.818604 20 0.998957
0.81841 20 0.998958
0.818024 20 0.998959
0.81783 20 0.998966
0.817637 20 0.998967
0.817443 20 0.998968
0.81725 20 0.998969
0.81725 19 0.998971
0.816863 19 0.998975
0.81667 19 0.998976
0.816283 19 0.998981
0.816283 18 0.998986
0.81609 18 0.99899
0.815896 18 0.998992
0.81551 18 0.998993
0.815316 18 0.998995
0.815123 18 0.999003
0.814929 17 0.999004
0.814736 17 0.99901
0.814543 17 0.999012
0.814349 17 0.999014
0.814156 17 0.999016
0.813962 17 0.999022
0.813769 17 0.999024
0.813576 17 0.999026
0.813576 16 0.99903
0.813382 16 0.999033
0.813189 16 0.999034
0.812996 16 0.999035
0.812802 16 0.999037
0.812415 16 0.999038
0.812029 16 0.999042
0.811835 16 0.999044
0.811642 16 0.999046
0.811448 16 0.999051
0.811062 16 0.999054
0.810868 16 0.999062
0.810482 16 0.999065
0.810288 16 0.999067
0.809901 16 0.999069
0.809708 16 0.999074
0.809515 16 0.999075
0.809321 16 0.999077
0.808934 16 0.99908
0.808548 16 0.999082
0.808354 16 0.999084
0.808161 16 0.999085
0.808161 15 0.999086
0.807968 15 0.999087
0.807774 15 0.999089
0.807581 15 0.99909
0.807387 14 0.999091
0.806807 14 0.999094
0.80642 14 0.999096
0.806227 14 0.9991
0.805647 14 0.999101
0.805453 14 0.999102
0.80526 14 0.999104
0.805067 14 0.999105
0.805067 13 0.999109
0.804487 13 0.99911
0.804293 13 0.999113
0.8041 13 0.999116
0.803906 13 0.999122
0.803713 13 0.999134
0.80352 13 0.999137
0.803326 13 0.999138
0.803133 13 0.999139
0.802939 13 0.99914
0.802746 13 0.999142
0.802553 13 0.999143
0.802359 13 0.99915
0.802166 13 0.999152
0.801973 13 0.999153
0.801779 13 0.999155
0.801392 13 0.999157
0.801006 12 0.999161
0.800619 12 0.999171
0.800425 12 0.999172
0.800232 12 0.999174
0.800039 12 0.999177
0.799845 12 0.999183
0.799265 12 0.999185
0.799072 12 0.999186
0.798878 12 0.999187
0.798492 12 0.999188
0.798298 12 0.99919
0.798105 12 0.999191
0.797911 12 0.999195
0.797718 12 0.9992
0.797331 12 0.999202
0.796751 12 0.999209
0.796558 12 0.99921
0.796364 12 0.999212
0.795978 12 0.999217
0.795784 12 0.999218
0.795591 12 0.999226
0.795397 12 0.999227
0.795204 12 0.999229
0.795011 12 0.99923
0.794624 12 0.999231
0.79443 12 0.999233
0.79443 11 0.999238
0.794237 11 0.999239
0.79385 11 0.999242
0.793657 11 0.999243
0.793657 10 0.999245
0.79327 10 0.999249
0.79269 10 0.999251
0.792497 10 0.999258
0.792303 10 0.99926
0.79211 10 0.999264
0.79153 10 0.999265
0.791143 10 0.999266
0.790756 10 0.999268
0.790563 10 0.999269
0.790369 10 0.999272
0.790176 10 0.999273
0.789983 10 0.999275
0.789789 10 0.999277
0.789596 10 0.99928
0.789209 10 0.999281
0.789016 9 0.999284
0.788629 9 0.999285
0.788436 9 0.999287
0.788049 9 0.999292
0.787855 9 0.999293
0.787662 9 0.999297
0.787469 8 0.999298
0.787275 8 0.999299
0.787082 8 0.9993
0.786888 8 0.999301
0.786695 8 0.999307
0.786502 8 0.999308
0.786308 8 0.999311
0.786115 8 0.999315
0.785921 8 0.999317
0.785535 8 0.999322
0.785148 8 0.999323
0.784955 8 0.999325
0.784568 8 0.999326
0.784374 8 0.999328
0.784181 8 0.99933
0.783988 8 0.999332
0.783794 8 0.999334
0.783601 8 0.999337
0.783407 8 0.999338
0.783214 8 0.999339
0.783021 8 0.99934
0.782827 8 0.999345
0.782634 8 0.999346
0.782247 8 0.99935
0.78186 8 0.999353
0.781667 8 0.999355
0.781474 8 0.999358
0.780893 8 0.99936
0.780313 8 0.999361
0.78012 8 0.999363
0.779346 8 0.999364
0.77896 8 0.999368
0.778766 8 0.999369
0.778573 8 0.999373
0.777993 8 0.999374
0.777799 8 0.999375
0.777412 8 0.999376
0.777219 8 0.999377
0.776832 7 0.999378
0.776639 7 0.99938
0.776639 6 0.999381
0.776446 6 0.999382
0.776446 5 0.999383
0.776252 5 0.999384
0.775672 4 0.999385
0.775479 4 0.999386
0.775092 4 0.999387
0.774898 4 0.999388
0.774705 4 0.999389
0.774125 4 0.99939
0.773932 4 0.999391
0.773738 4 0.999392
0.773545 4 0.999393
0.773351 4 0.999395
0.772965 4 0.999396
0.772578 4 0.999397
0.772384 4 0.999398
0.772191 4 0.999403
0.771998 4 0.999404
0.771804 4 0.999405
0.771611 4 0.999406
0.771224 4 0.999409
0.771031 4 0.99941
0.770837 4 0.999414
0.770644 4 0.999415
0.770064 4 0.999417
0.76987 4 0.999418
0.769677 4 0.999419
0.769484 4 0.99942
0.76929 3 0.999421
0.769097 3 0.999424
0.76871 3 0.999426
0.768517 3 0.999427
0.768323 3 0.999428
0.767937 3 0.99943
0.767743 3 0.999432
0.767356 3 0.999433
0.767163 3 0.999434
0.766776 3 0.999435
0.766583 3 0.999436
0.766389 3 0.999437
0.766196 3 0.999438
0.766003 3 0.999439
0.765809 3 0.99944
0.765616 3 0.999441
0.765423 3 0.999442
0.765229 3 0.999444
0.765036 3 0.999445
0.764842 3 0.999446
0.764456 3 0.999447
0.764262 3 0.999448
0.763102 3 0.999449
0.762715 3 0.999453
0.762328 3 0.999454
0.761748 3 0.999457
0.761555 3 0.999459
0.760975 3 0.99946
0.760781 3 0.999461
0.760201 3 0.999462
0.759814 3 0.999463
0.759621 3 0.999472
0.759234 3 0.999473
0.758847 3 0.999474
0.758461 3 0.999475
0.758267 3 0.999476
0.758074 3 0.999478
0.75788 3 0.999479
0.757494 3 0.99948
0.7573 3 0.999481
0.75672 3 0.999483
0.756527 3 0.999484
0.756333 3 0.999486
0.75614 3 0.999488
0.755947 3 0.999489
0.755753 3 0.999491
0.755366 3 0.999492
0.75498 3 0.999493
0.754786 3 0.999494
0.754013 3 0.999498
0.753626 3 0.9995
0.752852 3 0.999501
0.752272 3 0.999503
0.752079 3 0.999504
0.751886 3 0.999505
0.751112 3 0.999506
0.750919 3 0.999507
0.750725 3 0.999508
0.750532 3 0.99951
0.750338 3 0.999511
0.750145 3 0.999512
0.749758 3 0.999513
0.749371 3 0.999514
0.748985 3 0.999515
0.748791 3 0.999516
0.748211 3 0.999517
0.748018 3 0.999518
0.747824 3 0.99952
0.747438 3 0.999521
0.747051 3 0.999522
0.746857 3 0.999523
0.746664 3 0.999524
0.746471 3 0.999525
0.746084 3 0.999527
0.745117 3 0.999528
0.74473 3 0.999529
0.743957 3 0.99953
0.74357 3 0.999531
0.743377 3 0.999532
0.742796 3 0.999533
0.742023 3 0.999534
0.741636 3 0.999535
0.741443 3 0.999536
0.740476 3 0.999537
0.740476 2 0.999538
0.740089 2 0.999539
0.739896 2 0.99954
0.739509 2 0.999541
0.739315 2 0.999542
0.739122 2 0.999543
0.738735 2 0.999544
0.738348 2 0.999545
0.737768 2 0.999547
0.737382 2 0.999548
0.736801 2 0.99955
0.736608 2 0.999553
0.736221 2 0.999554
0.735834 2 0.999555
0.735061 2 0.999556
0.734868 2 0.999558
0.734674 2 0.999559
0.734094 2 0.99956
0.733514 2 0.999561
0.73332 2 0.999562
0.733127 2 0.999563
0.732934 2 0.999564
0.732354 2 0.999565
0.731773 2 0.999566
0.73158 2 0.999567
0.731 2 0.999568
0.730226 2 0.999569
0.729839 2 0.99957
0.729259 2 0.999571
0.729066 2 0.999572
0.728099 2 0.999573
0.727712 2 0.999574
0.726745 2 0.999575
0.726165 2 0.999576
0.725778 2 0.999577
0.725198 2 0.999578
0.725005 2 0.999579
0.724811 2 0.999581
0.724425 2 0.999582
0.724231 2 0.999583
0.723458 2 0.999585
0.723071 2 0.999586
0.722297 2 0.999587
0.722297 1 0.999588
0.721911 1 0.999589
0.721524 1 0.99959
0.720944 1 0.999592
0.72075 1 0.999593
0.720364 1 0.999595
0.72017 1 0.999596
0.719783 1 0.999597
0.71901 1 0.999598
0.718623 1 0.999599
0.71843 1 0.9996
0.718043 1 0.999601
0.717463 1 0.999602
0.717269 1 0.999603
0.716689 1 0.999604
0.715916 1 0.999605
0.715142 1 0.999606
0.714755 1 0.999607
0.713982 1 0.999608
0.713208 1 0.999609
0.712822 1 0.99961
0.712435 1 0.999611
0.712241 1 0.999612
0.711468 1 0.999614
0.711081 1 0.999615
0.710501 1 0.999616
0.709921 1 0.999618
0.709341 1 0.999619
0.709147 1 0.99962
0.708374 1 0.999621
0.707987 1 0.999622
0.707793 1 0.999624
0.707407 1 0.999625
0.70702 1 0.999626
0.70644 1 0.999627
0.705473 1 0.999628
0.704699 1 0.999629
0.704313 1 0.99963
0.703346 1 0.999631
0.702765 1 0.999633
0.702185 1 0.999634
0.701412 1 0.999635
0.700058 1 0.999636
0.699091 1 0.999637
0.698318 1 0.999638
0.697544 1 0.999639
0.697351 1 0.999641
0.697157 1 0.999642
0.69619 1 0.999643
0.695223 1 0.999644
0.694837 1 0.999645
0.693676 1 0.999647
0.692323 1 0.999648
0.691356 1 0.999649
0.690969 1 0.99965
0.690002 1 0.999651
0.689228 1 0.999652
0.688261 1 0.999653
0.687488 1 0.999654
0.687101 1 0.999655
0.686521 1 0.999656
0.686134 1 0.999657
0.685941 1 0.999658
0.685554 1 0.999659
0.684781 1 0.99966
0.683427 1 0.999661
0.682847 1 0.999662
0.681686 1 0.999663
0.6813 1 0.999664
0.680526 1 0.999665
0.679366 1 0.999666
0.678979 1 0.999667
0.678592 0 0.999668
0.677819 0 0.999669
0.677045 0 0.99967
0.676272 0 0.999671
0.674918 0 0.999672
0.673757 0 0.999673
0.67221 0 0.999674
0.67105 0 0.999675
0.66989 0 0.999676
0.669503 0 0.999677
0.669116 0 0.999678
0.668343 0 0.999679
0.667956 0 0.99968
0.666796 0 0.999681
0.666409 0 0.999682
0.666022 0 0.999683
0.664668 0 0.999684
0.663701 0 0.999685
0.662348 0 0.999686
0.660607 0 0.999687
0.660027 0 0.999688
0.658673 0 0.999689
0.658287 0 0.99969
0.657513 0 0.999691
0.656353 0 0.999692
0.655773 0 0.999693
0.654419 0 0.999694
0.652485 0 0.999695
0.650938 0 0.999696
0.649584 0 0.999697
0.648811 0 0.999698
0.648037 0 0.999699
0.647264 0 0.9997
0.646297 0 0.999701
0.645716 0 0.999702
0.644556 0 0.999703
0.643009 0 0.999704
0.642622 0 0.999705
0.642042 0 0.999706
0.639722 0 0.999707
0.638174 0 0.999708
0.636821 0 0.999709
0.63566 0 0.99971
0.6345 0 0.999711
0.632566 0 0.999712
0.631213 0 0.999713
0.630439 0 0.999714
0.629665 0 0.999715
0.628505 0 0.999716
0.626958 0 0.999717
0.625991 0 0.999718
0.624444 0 0.999719
0.623864 0 0.99972
0.622123 0 0.999721
0.621156 0 0.999722
0.620383 0 0.999723
0.619223 0 0.999724
0.617675 0 0.999725
0.615935 0 0.999726
0.614581 0 0.999727
0.613808 0 0.999728
0.613228 0 0.999729
0.611294 0 0.99973
0.609553 0 0.999731
0.608006 0 0.999732
0.606459 0 0.999733
0.604912 0 0.999734
0.602011 0 0.999735
0.601238 0 0.999736
0.599497 0 0.999737
0.597563 0 0.999738
0.595436 0 0.999739
0.594276 0 0.99974
0.590988 0 0.999741
0.588861 0 0.999742
0.587314 0 0.999743
0.585573 0 0.999744
0.583253 0 0.999745
0.581706 0 0.999746
0.579578 0 0.999747
0.578031 0 0.999748
0.576871 0 0.999749
0.574357 0 0.99975
0.573003 0 0.999751
0.571456 0 0.999752
0.568555 0 0.999753
0.567008 0 0.999754
0.565074 0 0.999755
0.563914 0 0.999756
0.562367 0 0.999757
0.56024 0 0.999758
0.558306 0 0.999759
0.555405 0 0.99976
0.553471 0 0.999761
0.550377 0 0.999762
0.54767 0 0.999763
0.545542 0 0.999764
0.544189 0 0.999765
0.542061 0 0.999766
0.539354 0 0.999767
0.537614 0 0.999768
0.535486 0 0.999769
0.533359 0 0.99977
0.531038 0 0.999771
0.529685 0 0.999772
0.527751 0 0.999773
0.525624 0 0.999774
0.52311 0 0.999775
0.520596 0 0.999776
0.518082 0 0.999777
0.515761 0 0.999778
0.513054 0 0.999779
0.5117 0 0.99978
0.509573 0 0.999781
0.504931 0 0.999782
0.501837 0 0.999783
0.499323 0 0.999784
0.496229 0 0.999785
0.491974 0 0.999786
0.490234 0 0.999787
0.487333 0 0.999788
0.483659 0 0.999789
0.481725 0 0.99979
0.479404 0 0.999791
0.47631 0 0.999792
0.472249 0 0.999793
0.469928 0 0.999794
0.466061 0 0.999795
0.462967 0 0.999796
0.460646 0 0.999797
0.456972 0 0.999798
0.455231 0 0.999799
0.45291 0 0.9998
0.450203 0 0.999801
0.447109 0 0.999802
0.444208 0 0.999803
0.442081 0 0.999804
0.438793 0 0.999805
0.436086 0 0.999806
0.433378 0 0.999807
0.430091 0 0.999808
0.426417 0 0.999809
0.422742 0 0.99981
0.420615 0 0.999811
0.417908 0 0.999812
0.414233 0 0.999813
0.407658 0 0.999814
0.404951 0 0.999815
0.40205 0 0.999816
0.397989 0 0.999817
0.394895 0 0.999818
0.392381 0 0.999819
0.388319 0 0.99982
0.383098 0 0.999821
0.380004 0 0.999822
0.374396 0 0.999823
0.370335 0 0.999824
0.365113 0 0.999825
0.363179 0 0.999826
0.358731 0 0.999827
0.35467 0 0.999828
0.350416 0 0.999829
0.346741 0 0.99983
0.341327 0 0.999831
0.336105 0 0.999832
0.333785 0 0.999833
0.329143 0 0.999834
0.324889 0 0.999835
0.319474 0 0.999836
0.315026 0 0.999837
0.311545 0 0.999838
0.308064 0 0.999839
0.30439 0 0.99984
0.300716 0 0.999841
0.297235 0 0.999842
0.289886 0 0.999843
0.285631 0 0.999844
0.280217 0 0.999845
0.276155 0 0.999846
0.270741 0 0.999847
0.26668 0 0.999848
0.260298 0 0.999849
0.256817 0 0.99985
0.253723 0 0.999851
0.247728 0 0.999852
0.241926 0 0.999853
0.237672 0 0.999854
0.232837 0 0.999855
0.229549 0 0.999856
0.225102 0 0.999857
0.2193 0 0.999858
0.213498 0 0.999859
0.210598 0 0.99986
0.206343 0 0.999861
0.202475 0 0.999862
0.198994 0 0.999863
0.193773 0 0.999864
0.189712 0 0.999865
0.186231 0 0.999866
0.18159 0 0.999867
0.176562 0 0.999868
0.172307 0 0.999869
0.167279 0 0.99987
0.164765 0 0.999871
0.160124 0 0.999872
0.156643 0 0.999873
0.152195 0 0.999874
0.149681 0 0.999875
0.146007 0 0.999876
0.143299 0 0.999877
0.141172 0 0.999878
0.13595 0 0.999879
0.131889 0 0.99988
0.128602 0 0.999881
0.123961 0 0.999882
0.120286 0 0.999883
0.116805 0 0.999884
0.112164 0 0.999885
0.107329 0 0.999886
0.103462 0 0.999887
0.0999807 0 0.999888
0.0961129 0 0.999889
0.0914717 0 0.99989
0.0877973 0 0.999891
0.0843164 0 0.999892
0.0794817 0 0.999893
0.0750338 0 0.999894
0.0725198 0 0.999895
0.0692323 0 0.999896
0.0659447 0 0.999897
0.0624637 0 0.999898
0.0605299 0 0.999899
0.0568555 0 0.9999
0.0545349 0 0.999901
0.0527944 0 0.999902
0.0489267 0 0.999903
0.0462193 0 0.999904
0.0442854 0 0.999905
0.0419648 0 0.999906
0.0404177 0 0.999907
0.0386772 0 0.999908
0.0361632 0 0.999909
0.0346161 0 0.99991
0.0338426 0 0.999911
0.0321021 0 0.999912
0.0301682 0 0.999913
0.0276542 0 0.999914
0.0263005 0 0.999915
0.0249468 0 0.999916
0.023013 0 0.999917
0.0216593 0 0.999918
0.0199188 0 0.999919
0.0193386 0 0.99992
0.0187585 0 0.999921
0.0177915 0 0.999922
0.0156643 0 0.999923
0.0146974 0 0.999924
0.013537 0 0.999925
0.0123767 0 0.999926
0.0116032 0 0.999927
0.011023 0 0.999928
0.00947592 0 0.999929
0.00870238 0 0.99993
0.00831561 0 0.999931
0.00715529 0 0.999932
0.00638174 0 0.999933
0.00522143 0 0.999934
0.00464127 0 0.999935
0.0042545 0 0.999936
0.00406111 0 0.999937
0.00386772 0 0.999938
0.00348095 0 0.999939
0.00309418 0 0.99994
0.00232063 0 0.999941
0.00212725 0 0.999942
0.00174048 0 0.999946
0.0013537 0 0.999947
0.00116032 0 0.999948
0.000966931 0 0.99995
0.000773545 0 0.999952
0.000386772 0 0.999953
0.000193386 0 0.999969
0 0 1.79769e+308
